0.000010 0.021822 0.014764 0.470006 0.000010 0.493388
0.005279 0.080254 0.005094 0.562331 0.008258 0.338783
0.013001 0.002018 0.001923 0.507305 0.000010 0.475742
0.027053 0.002682 0.000010 0.548327 0.000010 0.421918
0.030889 0.000010 0.000010 0.548987 0.003706 0.416398
0.014333 0.039398 0.000010 0.486942 0.000010 0.459307
0.000010 0.026925 0.000010 0.585039 0.000010 0.388007
0.005354 0.000010 0.000010 0.542725 0.000010 0.451891
0.028520 0.069604 0.000010 0.492765 0.000010 0.409091
0.015585 0.022288 0.009890 0.540570 0.000010 0.411656
0.000010 0.015530 0.036448 0.564089 0.003556 0.380366
0.008439 0.000010 0.001824 0.532861 0.000010 0.456856
0.003898 0.029642 0.025710 0.478797 0.000010 0.461944
0.016949 0.050105 0.000010 0.524246 0.000010 0.408680
0.000010 0.004448 0.011474 0.581106 0.000010 0.402951
0.004071 0.000010 0.023658 0.477771 0.000010 0.494480
0.000010 0.005816 0.023801 0.525050 0.000010 0.445313
0.004484 0.020261 0.000010 0.649198 0.010513 0.315533
0.003840 0.000010 0.034253 0.503215 0.000010 0.458672
0.005119 0.000010 0.000010 0.578671 0.000010 0.416181
0.026709 0.000010 0.000010 0.513786 0.000010 0.459475
0.003762 0.033265 0.028503 0.557792 0.000010 0.376667
0.005226 0.000010 0.031350 0.508725 0.007665 0.447024
0.004765 0.047411 0.000010 0.451237 0.003561 0.493016
0.012841 0.002485 0.000010 0.531738 0.000010 0.452916
0.008167 0.028555 0.025772 0.569367 0.000010 0.368129
0.010863 0.040400 0.000010 0.502047 0.000010 0.446670
0.000010 0.031145 0.000010 0.605131 0.000010 0.363693
0.000010 0.008514 0.017220 0.610095 0.000010 0.364151
0.000338 0.017218 0.000010 0.501994 0.000010 0.480431
0.000010 0.018564 0.001030 0.481415 0.011279 0.487702
0.001661 0.035983 0.000010 0.544519 0.000010 0.417817
0.014946 0.015114 0.000010 0.537414 0.006841 0.425676
0.005549 0.040344 0.008483 0.507374 0.000010 0.438240
0.017071 0.000010 0.000010 0.583196 0.000010 0.399703
0.031749 0.000010 0.000016 0.538379 0.000010 0.429836
0.000010 0.053371 0.003502 0.531399 0.000010 0.411708
0.012851 0.005266 0.000010 0.532763 0.008072 0.441038
0.000010 0.006739 0.005717 0.561036 0.012609 0.413889
0.007463 0.002760 0.005168 0.590503 0.000010 0.394095
0.030375 0.011706 0.000010 0.527641 0.000010 0.430258
0.014135 0.006050 0.000010 0.573533 0.000010 0.406262
0.001253 0.043426 0.006742 0.560038 0.000010 0.388531
0.010884 0.003918 0.000010 0.519194 0.000010 0.465984
0.010231 0.000010 0.007120 0.509461 0.000010 0.473167
0.000010 0.044241 0.000010 0.593609 0.000010 0.362120
0.006214 0.045530 0.000010 0.536396 0.000010 0.411840
0.000010 0.006654 0.014137 0.504308 0.000010 0.474880
0.018926 0.025255 0.000010 0.488804 0.000010 0.466996
0.006291 0.036937 0.000010 0.574481 0.000010 0.382271
0.002988 0.000010 0.007015 0.528894 0.000010 0.461083
0.000010 0.004830 0.000010 0.451928 0.000010 0.543213
0.021456 0.013031 0.000010 0.543884 0.000010 0.421609
0.009611 0.018570 0.020068 0.575958 0.003006 0.372786
0.000010 0.005682 0.010074 0.596663 0.000010 0.387561
0.032766 0.000010 0.014103 0.037981 0.000010 0.915129
0.005397 0.000067 0.048322 0.107357 0.000010 0.838847
0.005421 0.008561 0.032284 0.271429 0.005535 0.676770
0.011170 0.000010 0.074230 0.119180 0.003834 0.791576
0.003340 0.023131 0.064992 0.082183 0.000010 0.826343
0.000010 0.000010 0.060795 0.122394 0.004079 0.812712
0.035868 0.000010 0.009862 0.099573 0.000010 0.854676
0.016252 0.042164 0.034554 0.110574 0.000010 0.796447
0.000010 0.084285 0.021573 0.204533 0.013525 0.676075
0.012441 0.028159 0.031651 0.070077 0.011554 0.846118
0.026965 0.030209 0.031824 0.102222 0.000010 0.808769
0.009058 0.002962 0.068681 0.051570 0.000010 0.867719
0.000010 0.096955 0.002681 0.057781 0.000010 0.842563
0.013623 0.019898 0.037056 0.074043 0.000010 0.855370
0.008823 0.003955 0.042653 0.116129 0.000010 0.828430
0.031031 0.000010 0.038081 0.186860 0.000010 0.744008
0.011765 0.023485 0.036421 0.229262 0.015658 0.683409
0.019219 0.021925 0.000010 0.589382 0.000010 0.369454
0.000010 0.040492 0.000010 0.581482 0.000010 0.377996
0.003825 0.000010 0.037075 0.542426 0.022166 0.394497
0.006099 0.020342 0.000010 0.483592 0.000010 0.489948
0.013754 0.000010 0.008684 0.573582 0.000010 0.403960
0.005215 0.000010 0.022668 0.508975 0.000010 0.463123
0.000010 0.025860 0.010485 0.519483 0.000010 0.444152
0.038411 0.000010 0.000010 0.577098 0.005370 0.379100
0.003961 0.039904 0.011254 0.508912 0.000010 0.435959
0.009987 0.000010 0.000010 0.553988 0.000010 0.435995
0.030005 0.007099 0.016013 0.558265 0.000010 0.388609
0.000010 0.000010 0.020019 0.537284 0.000010 0.442667
0.000010 0.016769 0.000010 0.656847 0.000010 0.326354
0.000010 0.006279 0.013387 0.633574 0.011831 0.334919
0.009075 0.000010 0.000010 0.552679 0.000010 0.438216
0.006866 0.033692 0.000010 0.505177 0.000010 0.454245
0.025797 0.060809 0.000010 0.515558 0.000010 0.397815
0.000010 0.035339 0.000010 0.505378 0.000010 0.459254
0.000010 0.000363 0.000010 0.498557 0.000010 0.501050
0.012054 0.004611 0.001127 0.571500 0.000010 0.410697
0.011650 0.008627 0.000010 0.564734 0.000010 0.414970
0.002392 0.043495 0.000010 0.479567 0.000010 0.474527
0.000010 0.013778 0.000010 0.534743 0.000010 0.451449
0.000010 0.000010 0.004732 0.529399 0.000010 0.465839
0.025419 0.032999 0.000010 0.533013 0.000010 0.408550
0.000010 0.039075 0.010036 0.515251 0.000010 0.435619
0.011368 0.048484 0.011845 0.586769 0.000010 0.341523
0.027671 0.001519 0.000010 0.588169 0.000010 0.382621
0.005825 0.017001 0.019421 0.601689 0.000010 0.356053
0.000010 0.007526 0.038443 0.519956 0.000913 0.433152
0.000010 0.033330 0.000010 0.495790 0.002585 0.468274
0.000010 0.052627 0.042854 0.095170 0.005751 0.803588
0.000010 0.039557 0.048674 0.087670 0.000010 0.824079
0.010232 0.003497 0.020692 0.202504 0.009873 0.753202
0.034305 0.000010 0.000010 0.065208 0.000010 0.900457
0.015302 0.000010 0.030284 0.000010 0.002155 0.952240
0.005865 0.000010 0.046486 0.005242 0.041134 0.901262
0.022899 0.023927 0.030607 0.186403 0.000010 0.736154
0.000010 0.037925 0.026191 0.146743 0.000010 0.789120
0.006677 0.000010 0.032057 0.251288 0.006941 0.703027
0.011356 0.004971 0.076771 0.072991 0.011131 0.822780
0.032860 0.000010 0.000010 0.269287 0.000010 0.697823
0.022166 0.041028 0.018959 0.076621 0.009053 0.832174
0.012492 0.057931 0.011014 0.135390 0.000010 0.783162
0.000010 0.027187 0.056375 0.156611 0.000010 0.759808
0.027449 0.035464 0.011846 0.098432 0.023861 0.802948
0.031312 0.000010 0.058411 0.167683 0.000010 0.742575
0.000010 0.018258 0.057835 0.004206 0.000010 0.919681
0.007860 0.068638 0.000010 0.016596 0.000010 0.906886
0.007005 0.012964 0.047114 0.047184 0.000010 0.885723
0.000010 0.014613 0.034444 0.061609 0.000010 0.889314
0.000010 0.037103 0.030380 0.182816 0.000010 0.749681
0.000010 0.018170 0.033244 0.123035 0.000662 0.824880
0.004853 0.000010 0.074879 0.152475 0.013552 0.754232
0.015362 0.036295 0.009951 0.193453 0.000010 0.744928
0.021657 0.037356 0.000010 0.248995 0.001408 0.690575
0.000010 0.000010 0.033260 0.029059 0.000010 0.937651
0.035157 0.014728 0.015922 0.075885 0.001722 0.856587
0.000010 0.000010 0.045993 0.232282 0.000010 0.721694
0.019689 0.026703 0.050026 0.170900 0.000010 0.732672
0.011977 0.029213 0.054369 0.178222 0.000010 0.726210
0.002957 0.029922 0.047153 0.120276 0.000010 0.799682
0.000010 0.081312 0.015299 0.032990 0.000010 0.870379
0.000042 0.000010 0.063452 0.049994 0.008355 0.878147
0.000010 0.021282 0.064339 0.000010 0.000010 0.914349
0.021572 0.007881 0.031313 0.097598 0.003361 0.838275
0.006812 0.026426 0.034821 0.078181 0.005221 0.848538
0.021689 0.014639 0.027642 0.148242 0.001366 0.786422
0.000010 0.076852 0.000010 0.137648 0.000010 0.785470
0.004632 0.000010 0.040471 0.164706 0.000010 0.790170
0.047090 0.001539 0.000010 0.142729 0.001138 0.807494
0.041825 0.043783 0.009318 0.152282 0.000010 0.752782
0.015985 0.000010 0.030743 0.158579 0.000010 0.794673
0.000010 0.000010 0.050462 0.143979 0.000010 0.805529
0.001090 0.000010 0.067017 0.127024 0.000010 0.804849
0.000010 0.000010 0.012570 0.217342 0.000010 0.770058
0.000010 0.030645 0.032736 0.176284 0.000010 0.760315
0.013634 0.018786 0.048266 0.165344 0.000010 0.753960
0.010178 0.065511 0.001404 0.202165 0.012880 0.707862
0.003764 0.030615 0.044889 0.062511 0.010088 0.848132
0.003971 0.000010 0.037452 0.020462 0.008085 0.930020
0.010557 0.028635 0.028303 0.283958 0.000877 0.647669
0.033431 0.037218 0.040556 0.101240 0.000010 0.787544
0.053529 0.000010 0.000012 0.221071 0.000010 0.725367
0.000010 0.050146 0.062222 0.059913 0.000010 0.827699
0.007380 0.000010 0.024316 0.248024 0.000010 0.720260
0.025473 0.022068 0.068587 0.002557 0.000010 0.881305
0.000010 0.039319 0.045556 0.105537 0.000010 0.809568
0.030613 0.025719 0.050276 0.174303 0.000010 0.719079
0.013624 0.029533 0.038493 0.119468 0.000010 0.798872
0.000010 0.054967 0.000010 0.135549 0.003953 0.805511
0.010908 0.000010 0.040904 0.000010 0.000010 0.948158
0.017256 0.000010 0.010880 0.182831 0.000010 0.789014
0.000010 0.031571 0.044207 0.093149 0.000010 0.831053
0.002326 0.091099 0.037298 0.047570 0.000010 0.821697
0.028809 0.000010 0.041420 0.138239 0.000010 0.791512
0.015701 0.000010 0.037966 0.014043 0.000010 0.932270
0.043728 0.095651 0.000010 0.079550 0.000010 0.781051
0.035019 0.000010 0.027904 0.087983 0.000010 0.849073
0.000010 0.034762 0.045344 0.000427 0.000010 0.919447
0.000010 0.019871 0.024249 0.000010 0.000010 0.955851
0.000010 0.019313 0.051502 0.159648 0.000010 0.769517
0.013044 0.000016 0.044824 0.121333 0.000010 0.820773
0.014884 0.024395 0.010047 0.063773 0.000010 0.886892
0.010537 0.027746 0.020729 0.115711 0.000010 0.825267
0.013601 0.000010 0.071923 0.125082 0.003880 0.785504
0.020735 0.053465 0.000010 0.142926 0.000010 0.782854
0.000800 0.000010 0.024636 0.255920 0.000010 0.718623
0.000010 0.015813 0.004400 0.140303 0.000010 0.839464
0.054907 0.017150 0.023386 0.035387 0.000010 0.869160
0.000010 0.000010 0.069967 0.038419 0.000010 0.891584
0.010094 0.018952 0.026603 0.067002 0.000010 0.877338
0.019349 0.000010 0.977085 0.000010 0.000010 0.003536
0.036955 0.000010 0.963005 0.000010 0.000010 0.000010
0.000010 0.000010 0.999950 0.000010 0.000010 0.000010
0.002592 0.000010 0.997368 0.000010 0.000010 0.000010
0.000010 0.014306 0.977100 0.000010 0.000010 0.008564
0.003658 0.000010 0.996302 0.000010 0.000010 0.000010
0.001700 0.028806 0.969465 0.000010 0.000010 0.000010
0.013937 0.018932 0.967101 0.000010 0.000010 0.000010
0.011345 0.000010 0.981159 0.007466 0.000010 0.000010
0.008969 0.000010 0.990991 0.000010 0.000010 0.000010
0.050840 0.000010 0.949120 0.000010 0.000010 0.000010
0.022423 0.000010 0.977537 0.000010 0.000010 0.000010
0.008980 0.000010 0.990980 0.000010 0.000010 0.000010
0.000010 0.007247 0.991322 0.001400 0.000010 0.000010
0.000010 0.000010 0.996103 0.000010 0.000010 0.003857
0.016536 0.015598 0.965199 0.000010 0.002648 0.000010
0.008760 0.000010 0.981189 0.000010 0.000010 0.010021
0.000010 0.000010 0.999832 0.000010 0.000010 0.000128
0.015261 0.000010 0.984699 0.000010 0.000010 0.000010
0.033060 0.000014 0.966897 0.000010 0.000010 0.000010
0.000011 0.001830 0.992575 0.000010 0.000010 0.005564
0.012218 0.000010 0.987742 0.000010 0.000010 0.000010
0.021705 0.014248 0.959005 0.000011 0.000010 0.005021
0.000010 0.027007 0.972953 0.000010 0.000010 0.000010
0.002856 0.000010 0.996620 0.000010 0.000010 0.000494
0.000010 0.000010 0.989743 0.010217 0.000010 0.000010
0.000010 0.000010 0.999950 0.000010 0.000010 0.000010
0.018579 0.000010 0.981381 0.000010 0.000010 0.000010
0.022875 0.000010 0.977085 0.000010 0.000010 0.000010
0.007599 0.000010 0.992361 0.000010 0.000010 0.000010
0.003401 0.000010 0.991886 0.000010 0.000010 0.004684
0.002257 0.000010 0.997703 0.000010 0.000010 0.000010
0.000010 0.007079 0.987814 0.000010 0.000010 0.005078
0.003697 0.000010 0.972115 0.024158 0.000010 0.000010
0.000010 0.000010 0.989973 0.004419 0.003878 0.001709
0.014734 0.000010 0.985226 0.000010 0.000010 0.000010
0.000010 0.000010 0.992939 0.007021 0.000010 0.000010
0.005977 0.000010 0.993976 0.000017 0.000010 0.000010
0.010360 0.000010 0.983567 0.006044 0.000010 0.000010
0.011524 0.000010 0.986474 0.001972 0.000010 0.000010
0.010641 0.000010 0.988873 0.000456 0.000010 0.000010
0.030743 0.024283 0.944944 0.000010 0.000010 0.000010
0.163967 0.000010 0.014240 0.636657 0.095629 0.089497
0.177217 0.036978 0.006368 0.550268 0.178034 0.051135
0.122777 0.062760 0.001153 0.566690 0.080018 0.166603
0.022750 0.000010 0.977210 0.000010 0.000010 0.000010
0.018992 0.000010 0.980968 0.000010 0.000010 0.000010
0.024890 0.000010 0.970209 0.000010 0.000010 0.004871
0.009954 0.001130 0.988886 0.000010 0.000010 0.000010
0.000010 0.000010 0.999950 0.000010 0.000010 0.000010
0.025021 0.000010 0.974939 0.000010 0.000010 0.000010
0.008417 0.000010 0.986865 0.000010 0.004688 0.000010
0.000010 0.000010 0.989188 0.000010 0.000010 0.010772
0.000010 0.000010 0.999950 0.000010 0.000010 0.000010
0.000010 0.000010 0.999950 0.000010 0.000010 0.000010
0.032450 0.000010 0.967510 0.000010 0.000010 0.000010
0.000042 0.010069 0.989859 0.000010 0.000010 0.000010
0.033030 0.022675 0.934547 0.000010 0.000010 0.009728
0.009951 0.000010 0.978730 0.000010 0.000010 0.011290
0.000010 0.000010 0.999950 0.000010 0.000010 0.000010
0.006420 0.000587 0.992963 0.000010 0.000010 0.000010
0.000010 0.000010 0.999950 0.000010 0.000010 0.000010
0.012273 0.000010 0.982500 0.000010 0.000010 0.005196
0.004377 0.000010 0.995583 0.000010 0.000010 0.000010
0.007368 0.000010 0.984978 0.000010 0.007623 0.000010
0.016718 0.000010 0.983242 0.000010 0.000010 0.000010
0.027914 0.000010 0.972046 0.000010 0.000010 0.000010
0.007685 0.000010 0.992275 0.000010 0.000010 0.000010
0.000010 0.000010 0.995280 0.004680 0.000010 0.000010
0.008988 0.000010 0.977182 0.013800 0.000010 0.000010
0.000010 0.000010 0.999950 0.000010 0.000010 0.000010
0.017004 0.000010 0.979236 0.000010 0.003444 0.000297
0.000010 0.000010 0.999950 0.000010 0.000010 0.000010
0.003577 0.016786 0.979607 0.000010 0.000010 0.000010
0.000010 0.000010 0.996433 0.000010 0.003527 0.000010
0.002824 0.000010 0.964050 0.000010 0.000010 0.033095
0.007405 0.000010 0.991156 0.000012 0.000010 0.001407
0.000010 0.000010 0.999950 0.000010 0.000010 0.000010
0.018890 0.000010 0.981070 0.000010 0.000010 0.000010
0.000010 0.000010 0.999950 0.000010 0.000010 0.000010
0.137166 0.022619 0.028095 0.528570 0.142724 0.140826
0.132634 0.057397 0.000010 0.508011 0.199272 0.102676
0.099652 0.000010 0.016145 0.670038 0.079462 0.134693
0.179959 0.058398 0.005470 0.542678 0.086403 0.127092
0.000010 0.000010 0.988419 0.011541 0.000010 0.000010
0.029672 0.000010 0.970288 0.000010 0.000010 0.000010
0.000010 0.000010 0.989016 0.000010 0.000010 0.010944
0.000010 0.001960 0.998000 0.000010 0.000010 0.000010
0.000010 0.009128 0.987174 0.000010 0.000010 0.003668
0.000010 0.029158 0.956071 0.000010 0.000010 0.014740
0.000010 0.000014 0.987787 0.000010 0.000010 0.012169
0.012328 0.000010 0.978420 0.000010 0.000010 0.009222
0.002475 0.000010 0.997485 0.000010 0.000010 0.000010
0.000010 0.000010 0.999950 0.000010 0.000010 0.000010
0.032560 0.000010 0.963014 0.000010 0.004396 0.000010
0.000010 0.000010 0.999950 0.000010 0.000010 0.000010
0.000010 0.000010 0.984212 0.000010 0.004665 0.011093
0.000010 0.000010 0.999950 0.000010 0.000010 0.000010
0.000010 0.000010 0.999950 0.000010 0.000010 0.000010
0.000010 0.013015 0.986945 0.000010 0.000010 0.000010
0.018547 0.000010 0.981413 0.000010 0.000010 0.000010
0.000010 0.000010 0.999950 0.000010 0.000010 0.000010
0.002549 0.018163 0.969783 0.000010 0.000010 0.009485
0.029088 0.000010 0.970872 0.000010 0.000010 0.000010
0.029829 0.000010 0.954598 0.000010 0.015543 0.000010
0.000010 0.000010 0.997266 0.000010 0.002694 0.000010
0.000518 0.000010 0.964871 0.034580 0.000010 0.000010
0.003171 0.000010 0.994727 0.002072 0.000010 0.000010
0.000010 0.000010 0.984010 0.000010 0.000010 0.015950
0.011317 0.000010 0.979573 0.003723 0.003317 0.002060
0.010315 0.000010 0.989645 0.000010 0.000010 0.000010
0.004667 0.017739 0.977557 0.000017 0.000010 0.000010
0.071189 0.030389 0.050153 0.642141 0.027805 0.178324
0.144541 0.037611 0.054638 0.619647 0.036204 0.107359
0.211831 0.000010 0.033892 0.507316 0.119280 0.127671
0.138308 0.003313 0.034658 0.620605 0.038640 0.164477
0.079134 0.000010 0.060417 0.646772 0.076100 0.137567
0.091475 0.000010 0.015218 0.597237 0.019146 0.276914
0.119933 0.001985 0.058052 0.591483 0.097176 0.131371
0.078509 0.008688 0.000010 0.673707 0.080800 0.158285
0.208774 0.000010 0.038029 0.608531 0.065823 0.078833
0.004934 0.004281 0.990755 0.000010 0.000010 0.000010
0.000010 0.010948 0.989012 0.000010 0.000010 0.000010
0.000010 0.000010 0.971814 0.022511 0.005645 0.000010
0.000010 0.003608 0.971416 0.000010 0.000010 0.024946
0.006189 0.000010 0.973337 0.017614 0.002840 0.000010
0.000010 0.000010 0.999950 0.000010 0.000010 0.000010
0.002305 0.000010 0.985205 0.000010 0.012461 0.000010
0.000010 0.000010 0.991617 0.000010 0.008343 0.000010
0.022525 0.011695 0.959914 0.005847 0.000010 0.000010
0.000010 0.011120 0.966072 0.022778 0.000010 0.000010
0.000010 0.000010 0.984129 0.015831 0.000010 0.000010
0.018972 0.007827 0.962652 0.008371 0.002167 0.000010
0.000010 0.000010 0.997227 0.000010 0.002733 0.000010
0.005889 0.000010 0.990336 0.003744 0.000010 0.000010
0.007025 0.002596 0.990157 0.000202 0.000010 0.000010
0.111404 0.030664 0.003130 0.588946 0.083838 0.182018
0.134983 0.018083 0.029055 0.578860 0.101471 0.137548
0.139402 0.000010 0.033095 0.493307 0.232348 0.101838
0.198890 0.032675 0.023430 0.502396 0.204192 0.038418
0.175095 0.029131 0.004196 0.407000 0.246618 0.137961
0.142475 0.044067 0.021816 0.638924 0.056830 0.095887
0.118168 0.045558 0.003476 0.573884 0.125143 0.133772
0.135193 0.004081 0.022830 0.615619 0.112315 0.109962
0.105822 0.000010 0.037867 0.559721 0.064576 0.232005
0.133105 0.053211 0.000010 0.618845 0.069525 0.125304
0.154661 0.043518 0.000010 0.333182 0.355324 0.113304
0.089729 0.000010 0.041757 0.600420 0.181181 0.086903
0.131016 0.000010 0.000010 0.615700 0.090457 0.162806
0.152869 0.063533 0.005924 0.600965 0.072901 0.103809
0.177558 0.000010 0.000010 0.670243 0.093738 0.058441
0.177503 0.020975 0.017416 0.587638 0.050237 0.146230
0.127044 0.067612 0.013439 0.646638 0.094294 0.050973
0.142045 0.012283 0.019066 0.621457 0.093320 0.111829
0.057173 0.064791 0.044452 0.677024 0.074371 0.082188
0.175355 0.039679 0.032668 0.453725 0.184680 0.113893
0.122048 0.057559 0.016923 0.620986 0.182473 0.000010
0.248527 0.012182 0.014740 0.584246 0.047168 0.093137
0.162121 0.055746 0.044111 0.501654 0.214872 0.021496
0.164916 0.010601 0.000010 0.613002 0.103522 0.107949
0.110398 0.011732 0.057395 0.552309 0.120371 0.147796
0.204559 0.005768 0.015748 0.547889 0.123909 0.102127
0.131764 0.031484 0.023932 0.438026 0.186623 0.188172
0.155318 0.035257 0.023684 0.525067 0.147316 0.113358
0.147507 0.041455 0.005590 0.469700 0.278274 0.057474
0.109911 0.056425 0.023205 0.523853 0.130793 0.155813
0.167692 0.039427 0.000010 0.585320 0.097087 0.110464
0.161044 0.000010 0.014121 0.603864 0.112565 0.108396
0.138578 0.008318 0.034445 0.618745 0.088689 0.111225
0.177707 0.010435 0.003191 0.648915 0.148518 0.011234
0.114947 0.050767 0.023314 0.469573 0.163712 0.177688
0.137712 0.000010 0.009013 0.619027 0.089085 0.145153
0.085063 0.000010 0.000010 0.547235 0.083866 0.283816
0.129874 0.038581 0.000010 0.452109 0.214442 0.164983
0.175043 0.038859 0.000010 0.493340 0.128789 0.163958
0.136099 0.018973 0.054922 0.546911 0.095254 0.147841
0.076443 0.008490 0.000010 0.724810 0.046907 0.143340
0.322200 0.022322 0.009180 0.506053 0.016257 0.123987
0.140441 0.082668 0.000010 0.638733 0.023470 0.114678
0.293249 0.045923 0.032012 0.434619 0.030754 0.163443
0.209052 0.000010 0.031127 0.523285 0.073778 0.162747
0.305459 0.000010 0.062833 0.399568 0.132664 0.099465
0.234916 0.029975 0.051645 0.479224 0.092557 0.111683
0.246707 0.020001 0.000010 0.533504 0.060484 0.139294
0.246513 0.000072 0.036781 0.617507 0.069223 0.029905
0.180206 0.001118 0.008346 0.608580 0.015146 0.186603
0.203500 0.000010 0.029207 0.526414 0.115178 0.125691
0.273811 0.000010 0.000010 0.444206 0.101899 0.180063
0.320087 0.029308 0.040818 0.474924 0.016850 0.118014
0.269706 0.037436 0.027624 0.429762 0.160126 0.075347
0.295441 0.045449 0.000010 0.512667 0.040511 0.105921
0.356141 0.029958 0.026935 0.363445 0.166183 0.057339
0.277670 0.003958 0.028120 0.547832 0.055765 0.086654
0.419152 0.065031 0.030894 0.315132 0.103327 0.066464
0.156100 0.060650 0.007525 0.502548 0.151826 0.121352
0.150054 0.026224 0.035087 0.630164 0.077893 0.080578
0.117703 0.049116 0.000010 0.573083 0.092315 0.167773
0.167999 0.008160 0.000010 0.417727 0.230191 0.175913
0.073849 0.055741 0.017502 0.693375 0.022018 0.137514
0.145986 0.000010 0.022661 0.615133 0.132922 0.083287
0.121110 0.030244 0.023666 0.519267 0.202533 0.103180
0.054455 0.050943 0.008417 0.680272 0.095226 0.110686
0.106776 0.035796 0.077381 0.576350 0.059477 0.144219
0.147264 0.061006 0.053010 0.489795 0.080708 0.168217
0.163216 0.002745 0.065644 0.508427 0.085425 0.174543
0.140499 0.000010 0.043825 0.555165 0.140337 0.120164
0.170348 0.000010 0.033218 0.631809 0.131024 0.033592
0.250890 0.011391 0.025180 0.452069 0.209046 0.051425
0.190143 0.054735 0.035284 0.438405 0.199429 0.082003
0.202292 0.007294 0.029768 0.460956 0.171929 0.127762
0.217651 0.026543 0.033470 0.502706 0.096066 0.123564
0.159589 0.000010 0.003902 0.623267 0.049719 0.163513
0.184358 0.000010 0.000010 0.498138 0.205447 0.112037
0.120939 0.000010 0.017863 0.719276 0.070147 0.071764
0.131501 0.000010 0.029057 0.550710 0.115286 0.173436
0.132916 0.027783 0.009933 0.537929 0.109601 0.181839
0.175782 0.030339 0.025551 0.391044 0.175538 0.201746
0.102612 0.057999 0.010718 0.599356 0.125475 0.103841
0.309489 0.013547 0.000010 0.462692 0.097784 0.116478
0.252288 0.026685 0.041637 0.465575 0.027062 0.186754
0.268875 0.000396 0.019747 0.572090 0.070593 0.068300
0.298732 0.005691 0.087359 0.408450 0.162779 0.036990
0.157172 0.000010 0.042229 0.653171 0.000010 0.147409
0.288461 0.013569 0.056254 0.536668 0.005321 0.099727
0.107989 0.005134 0.031866 0.644236 0.031891 0.178884
0.313417 0.026960 0.000010 0.484052 0.111458 0.064102
0.268718 0.000010 0.043836 0.541326 0.082269 0.063840
0.284221 0.010799 0.014613 0.502089 0.067300 0.120979
0.295699 0.060126 0.007548 0.390882 0.207014 0.038731
0.340961 0.029193 0.029134 0.512138 0.026851 0.061723
0.299016 0.024675 0.000010 0.611442 0.011163 0.053693
0.275457 0.004618 0.025473 0.555658 0.028127 0.110667
0.231765 0.058392 0.032092 0.539624 0.079623 0.058504
0.137610 0.000010 0.007226 0.537823 0.247444 0.069887
0.208199 0.020603 0.032770 0.596780 0.094449 0.047198
0.169219 0.050769 0.027891 0.552042 0.116821 0.083259
0.177184 0.018105 0.046070 0.507519 0.168919 0.082203
0.139903 0.037574 0.017657 0.516624 0.247347 0.040895
0.097454 0.000010 0.008302 0.561164 0.109529 0.223541
0.141282 0.050588 0.000010 0.575418 0.130825 0.101877
0.153085 0.000010 0.054865 0.636867 0.125351 0.029822
0.109791 0.000010 0.023254 0.610471 0.137461 0.119013
0.176416 0.000010 0.035517 0.643569 0.097022 0.047466
0.000010 0.016656 0.000010 0.600605 0.000178 0.382541
0.582238 0.000010 0.033495 0.317166 0.020396 0.046695
0.217560 0.005933 0.029237 0.342116 0.361377 0.043778
0.388034 0.044107 0.044674 0.409672 0.027777 0.085736
0.233412 0.039624 0.000010 0.478673 0.062048 0.186232
0.426711 0.000010 0.021185 0.499387 0.047656 0.005050
0.412745 0.054652 0.010028 0.418306 0.057699 0.046570
0.261494 0.010746 0.058787 0.524499 0.038698 0.105776
0.213690 0.048325 0.008750 0.605355 0.030633 0.093247
0.176726 0.018508 0.000010 0.592816 0.022166 0.189774
0.312671 0.004784 0.005085 0.525106 0.070475 0.081879
0.251305 0.000010 0.057295 0.561654 0.008291 0.121445
0.265509 0.049349 0.010344 0.464707 0.046842 0.163250
0.240616 0.042190 0.004519 0.543358 0.058427 0.110891
0.183688 0.000010 0.101857 0.570894 0.128011 0.015540
0.322559 0.000010 0.013189 0.433728 0.171089 0.059425
0.267282 0.055861 0.005061 0.453683 0.126820 0.091293
0.267848 0.000010 0.052983 0.474372 0.132541 0.072246
0.515849 0.036582 0.010919 0.249307 0.151874 0.035468
0.338358 0.010688 0.002838 0.493730 0.058614 0.095772
0.283593 0.032497 0.004277 0.580353 0.000010 0.099270
0.319620 0.023703 0.000010 0.433951 0.118042 0.104673
0.285009 0.023569 0.033029 0.473412 0.094569 0.090411
0.387787 0.048877 0.034046 0.458003 0.043786 0.027500
0.275407 0.000010 0.000010 0.482018 0.057020 0.185535
0.246439 0.037417 0.000010 0.605872 0.057894 0.052369
0.132575 0.029410 0.024793 0.587000 0.077220 0.149003
0.289722 0.000010 0.034270 0.305697 0.271691 0.098610
0.175155 0.040603 0.000010 0.507021 0.148631 0.128580
0.136837 0.004517 0.037106 0.526010 0.211044 0.084486
0.118160 0.000010 0.022405 0.641354 0.062316 0.155755
0.207846 0.000010 0.012762 0.462976 0.177636 0.138770
0.181116 0.016668 0.008942 0.439299 0.194194 0.159780
0.193764 0.074168 0.020746 0.467770 0.150670 0.092883
0.170618 0.000010 0.028792 0.515278 0.172160 0.113142
0.132008 0.020385 0.031675 0.668177 0.101219 0.046536
0.221105 0.024321 0.000010 0.518715 0.082156 0.153694
0.186122 0.038488 0.002688 0.487846 0.124237 0.160619
0.203646 0.032586 0.036395 0.437948 0.143523 0.145902
0.275695 0.027637 0.000010 0.473084 0.110969 0.112606
0.230604 0.000010 0.050777 0.619549 0.032388 0.066672
0.536719 0.007777 0.008796 0.289448 0.024024 0.133236
0.123216 0.037629 0.000010 0.638793 0.013854 0.186497
0.234475 0.000010 0.016616 0.315095 0.185378 0.248425
0.393893 0.000010 0.040666 0.477027 0.017366 0.071037
0.552671 0.038303 0.013051 0.373656 0.005369 0.016950
0.291502 0.006887 0.016330 0.404791 0.100393 0.180098
0.257997 0.000010 0.068170 0.567909 0.064130 0.041784
0.383831 0.000010 0.047248 0.427584 0.027822 0.113504
0.381256 0.000010 0.015081 0.394197 0.069772 0.139684
0.391608 0.073031 0.006769 0.404695 0.024192 0.099704
0.421709 0.002561 0.004794 0.348375 0.166586 0.055976
0.306136 0.000010 0.018801 0.277498 0.284014 0.113540
0.310813 0.005097 0.000010 0.413471 0.236455 0.034154
0.218882 0.034247 0.007279 0.597065 0.041144 0.101384
0.191615 0.043774 0.000010 0.523482 0.023823 0.217295
0.157052 0.014799 0.007899 0.631735 0.003896 0.184618
0.134427 0.012806 0.007470 0.641013 0.032715 0.171570
0.261328 0.044346 0.006607 0.276606 0.350786 0.060328
0.365589 0.007236 0.019868 0.547214 0.052983 0.007109
0.140477 0.049940 0.000010 0.459786 0.140588 0.209199
0.143425 0.009111 0.021524 0.652327 0.036774 0.136839
0.157723 0.034131 0.040487 0.559698 0.000010 0.207950
0.226015 0.016448 0.017768 0.650144 0.044360 0.045264
0.414788 0.017157 0.026925 0.346637 0.115211 0.079282
0.359129 0.000010 0.066836 0.366424 0.118462 0.089139
0.378550 0.003899 0.000010 0.461321 0.075272 0.080948
0.371076 0.057722 0.025092 0.392035 0.069130 0.084946
0.000010 0.035685 0.032764 0.708453 0.000010 0.223078
0.000010 0.031209 0.018638 0.599195 0.050310 0.300638
0.015349 0.000010 0.000010 0.757376 0.022752 0.204503
0.000010 0.000010 0.034470 0.763368 0.034995 0.167147
0.000010 0.095643 0.000010 0.654059 0.000010 0.250267
0.015174 0.000010 0.016648 0.637469 0.024610 0.306090
0.000010 0.000010 0.000010 0.644970 0.036991 0.318009
0.000239 0.034348 0.000010 0.735471 0.021581 0.208351
0.025928 0.000010 0.000010 0.780784 0.000010 0.193258
0.061496 0.017146 0.000010 0.700388 0.004219 0.216742
0.017362 0.000010 0.032862 0.678748 0.013173 0.257847
0.000010 0.007651 0.000010 0.735805 0.015153 0.241370
0.000010 0.000010 0.000010 0.700466 0.000010 0.299494
0.023045 0.027197 0.011996 0.736228 0.000010 0.201524
0.006452 0.027317 0.005137 0.659552 0.000010 0.301532
0.003002 0.000010 0.023553 0.743319 0.000010 0.230105
0.000010 0.000010 0.003362 0.671827 0.018520 0.306271
0.007292 0.004185 0.000010 0.763496 0.055302 0.169714
0.000010 0.027082 0.007326 0.812923 0.046861 0.105799
0.000010 0.000010 0.019949 0.730648 0.032750 0.216633
0.013408 0.000010 0.011060 0.717669 0.017933 0.239919
0.014401 0.069106 0.010576 0.688935 0.033667 0.183315
0.010429 0.000010 0.014669 0.638285 0.022572 0.314035
0.019518 0.000010 0.029087 0.649053 0.033730 0.268602
0.240445 0.062475 0.000010 0.544354 0.036695 0.116021
0.233568 0.000010 0.018106 0.247627 0.395802 0.104887
0.328717 0.041832 0.017187 0.370981 0.203652 0.037632
0.692999 0.081656 0.002670 0.161119 0.014278 0.047278
0.488839 0.037785 0.006818 0.359585 0.008563 0.098410
0.667043 0.001027 0.038519 0.224580 0.000010 0.068821
0.999950 0.000010 0.000010 0.000010 0.000010 0.000010
0.462817 0.009183 0.029332 0.374004 0.038517 0.086148
0.627992 0.037375 0.000010 0.329381 0.000010 0.005233
0.014967 0.707931 0.038117 0.166692 0.000010 0.072283
0.016605 0.635893 0.050542 0.169732 0.000706 0.126522
0.038181 0.600212 0.000010 0.222401 0.000010 0.139186
0.053421 0.616123 0.000010 0.279475 0.000595 0.050376
0.000010 0.003690 0.970873 0.025407 0.000010 0.000010
0.000010 0.039853 0.948084 0.012032 0.000010 0.000010
0.006660 0.019210 0.968539 0.005571 0.000010 0.000010
0.029689 0.012890 0.957391 0.000010 0.000010 0.000010
0.006727 0.033029 0.960214 0.000010 0.000010 0.000010
0.000010 0.000010 0.985763 0.014197 0.000010 0.000010
0.003363 0.043330 0.004268 0.636511 0.020360 0.292168
0.000010 0.036225 0.009767 0.645814 0.001708 0.306476
0.000010 0.000010 0.030575 0.705609 0.000010 0.263786
0.002405 0.003418 0.042978 0.648546 0.011646 0.291008
0.000010 0.010093 0.020122 0.721657 0.000010 0.248109
0.000010 0.028135 0.019347 0.722982 0.031742 0.197783
0.017201 0.054535 0.011928 0.656283 0.016481 0.243573
0.001196 0.018132 0.010460 0.707011 0.026919 0.236282
0.000010 0.081839 0.000010 0.671654 0.006210 0.240276
0.004452 0.015366 0.007681 0.696424 0.025400 0.250676
0.000010 0.000010 0.042117 0.706439 0.014839 0.236585
0.023382 0.000010 0.028220 0.662828 0.016836 0.268725
0.021065 0.000010 0.000010 0.749911 0.028617 0.200387
0.009979 0.014763 0.027119 0.639752 0.016235 0.292151
0.028115 0.000010 0.016915 0.644007 0.024528 0.286425
0.017110 0.000010 0.041758 0.695396 0.000010 0.245716
0.009168 0.000010 0.000010 0.617086 0.035035 0.338691
0.000010 0.000010 0.008964 0.731569 0.023156 0.236290
0.015617 0.030676 0.000010 0.767823 0.085482 0.100392
0.000010 0.050806 0.023505 0.749497 0.058207 0.117975
0.018378 0.000010 0.000010 0.736864 0.014763 0.229976
0.000010 0.018204 0.000010 0.743264 0.000010 0.238502
0.000010 0.014582 0.003551 0.690918 0.025671 0.265268
0.000010 0.050773 0.027692 0.650022 0.049421 0.222082
0.000640 0.063396 0.000010 0.822548 0.005750 0.107656
0.003412 0.027012 0.018008 0.719496 0.000010 0.232062
0.002930 0.062044 0.001200 0.760503 0.000010 0.173314
0.020247 0.006823 0.019357 0.717050 0.000010 0.236513
0.026399 0.000010 0.000010 0.650768 0.000010 0.322803
0.000010 0.000010 0.035483 0.675855 0.000059 0.288583
0.000010 0.000010 0.000010 0.777383 0.024530 0.198057
0.000919 0.008907 0.000010 0.740179 0.015993 0.233992
0.000010 0.012943 0.041469 0.702557 0.000010 0.243012
0.000010 0.000010 0.014660 0.689283 0.000010 0.296027
0.034452 0.000010 0.009661 0.681974 0.035700 0.238203
0.028813 0.064552 0.000010 0.617040 0.015231 0.274355
0.004182 0.001313 0.000010 0.650455 0.083166 0.260874
0.030248 0.000010 0.002284 0.675419 0.051930 0.240109
0.020448 0.072591 0.023314 0.717078 0.031944 0.134625
0.024189 0.014156 0.001070 0.773131 0.010907 0.176546
0.010895 0.021507 0.030193 0.801463 0.000010 0.135932
0.000010 0.000010 0.018112 0.811677 0.000010 0.170181
0.013980 0.030835 0.004892 0.696769 0.048356 0.205168
0.005305 0.043173 0.034939 0.727396 0.017866 0.171320
0.000010 0.000010 0.019021 0.662306 0.029277 0.289376
0.000010 0.043152 0.035839 0.658902 0.003740 0.258357
0.002456 0.000010 0.023685 0.654903 0.016309 0.302638
0.000010 0.065373 0.000010 0.644705 0.024362 0.265540
0.000010 0.000010 0.017479 0.714824 0.012528 0.255149
0.032169 0.032157 0.022645 0.703652 0.000010 0.209368
0.003630 0.017241 0.043565 0.700665 0.000386 0.234512
0.000010 0.059373 0.034262 0.670619 0.008236 0.227500
0.009696 0.000010 0.016754 0.746270 0.004698 0.222572
0.000935 0.039103 0.006824 0.660325 0.016941 0.275872
0.009359 0.028391 0.026001 0.802592 0.000010 0.133647
0.002089 0.016426 0.018288 0.740777 0.034651 0.187770
0.000010 0.023353 0.012318 0.757160 0.008993 0.198166
0.016383 0.000010 0.028798 0.795703 0.036893 0.122214
0.000010 0.000010 0.000010 0.745273 0.025786 0.228911
0.000010 0.038299 0.006261 0.739829 0.000010 0.215592
0.000010 0.023509 0.000010 0.688126 0.000010 0.288336
0.000010 0.000010 0.000010 0.761096 0.015692 0.223183
0.024676 0.003624 0.014622 0.752833 0.000010 0.204235
0.026651 0.000010 0.022058 0.717816 0.004896 0.228568
0.000010 0.000010 0.031251 0.699247 0.004033 0.265449
0.024824 0.034562 0.000010 0.706388 0.003373 0.230843
0.002596 0.045760 0.000010 0.679331 0.034074 0.238230
0.019542 0.000862 0.020295 0.716939 0.013987 0.228376
0.000010 0.000010 0.030806 0.698361 0.000010 0.270803
0.013674 0.024401 0.004493 0.676472 0.008594 0.272366
0.020355 0.000010 0.010084 0.584136 0.000010 0.385405
0.005050 0.040641 0.000010 0.518627 0.009000 0.426672
0.009426 0.015289 0.000010 0.537722 0.000010 0.437543
0.000010 0.000010 0.999950 0.000010 0.000010 0.000010
0.000010 0.057200 0.932836 0.005058 0.000010 0.004886
0.000010 0.039149 0.958534 0.002286 0.000010 0.000010
0.000010 0.000010 0.944217 0.044381 0.011372 0.000010
0.024479 0.005927 0.942840 0.007811 0.000010 0.018934
0.026587 0.000010 0.973373 0.000010 0.000010 0.000010
0.000010 0.000010 0.986836 0.000010 0.004385 0.008750
0.000010 0.023113 0.976847 0.000010 0.000010 0.000010
0.003759 0.011390 0.981391 0.003441 0.000010 0.000010
0.000010 0.006480 0.982298 0.000010 0.000010 0.011191
0.000010 0.002448 0.997512 0.000010 0.000010 0.000010
0.000010 0.032041 0.967919 0.000010 0.000010 0.000010
0.000010 0.018362 0.981598 0.000010 0.000010 0.000010
0.000010 0.015432 0.984528 0.000010 0.000010 0.000010
0.000010 0.028714 0.971246 0.000010 0.000010 0.000010
0.000314 0.048478 0.951178 0.000010 0.000010 0.000010
0.000010 0.001862 0.978603 0.003632 0.015883 0.000010
0.010994 0.000010 0.979829 0.000010 0.009147 0.000010
0.000030 0.006758 0.966507 0.014541 0.005260 0.006903
0.020180 0.000010 0.969991 0.000010 0.009799 0.000010
0.000010 0.018999 0.980961 0.000010 0.000010 0.000010
0.000010 0.040616 0.959340 0.000014 0.000010 0.000010
0.005598 0.047339 0.944940 0.002103 0.000010 0.000010
0.019010 0.019859 0.961101 0.000010 0.000010 0.000010
0.015326 0.027445 0.955709 0.001477 0.000010 0.000032
0.000010 0.033252 0.960714 0.000010 0.000010 0.006004
0.020541 0.000010 0.951680 0.023196 0.004564 0.000010
0.000010 0.000010 0.987756 0.001989 0.000010 0.010225
0.000010 0.005099 0.970278 0.024594 0.000010 0.000010
0.000010 0.036065 0.958301 0.000010 0.005603 0.000010
0.000010 0.009171 0.972606 0.000010 0.018193 0.000010
0.000010 0.016380 0.983580 0.000010 0.000010 0.000010
0.011017 0.016305 0.935256 0.032588 0.004824 0.000010
0.007458 0.022863 0.969649 0.000010 0.000010 0.000010
0.008974 0.041435 0.946434 0.000010 0.003137 0.000010
0.000010 0.036112 0.956180 0.000010 0.007678 0.000010
0.016165 0.016242 0.967563 0.000010 0.000010 0.000010
0.000010 0.025370 0.974590 0.000010 0.000010 0.000010
0.033097 0.026609 0.926345 0.000010 0.001751 0.012188
0.010286 0.002869 0.981264 0.000010 0.005561 0.000010
0.005747 0.023406 0.965225 0.000014 0.000010 0.005597
0.000010 0.021199 0.969330 0.000010 0.009442 0.000010
0.020851 0.000010 0.943646 0.000010 0.000010 0.035473
0.000010 0.049319 0.950633 0.000018 0.000010 0.000010
0.000010 0.026524 0.973433 0.000013 0.000010 0.000010
0.014429 0.000010 0.975443 0.000010 0.000010 0.010098
0.000010 0.083074 0.909139 0.000010 0.000010 0.007758
0.004662 0.029872 0.952275 0.000010 0.013171 0.000010
0.000010 0.046890 0.953070 0.000010 0.000010 0.000010
0.000010 0.010352 0.976043 0.000010 0.000010 0.013575
0.005981 0.018783 0.964355 0.000010 0.000010 0.010861
0.001750 0.060404 0.920974 0.000010 0.016852 0.000010
0.025389 0.039199 0.927501 0.000010 0.000010 0.007892
0.000010 0.028528 0.971432 0.000010 0.000010 0.000010
0.000010 0.023134 0.970126 0.000010 0.006710 0.000010
0.000010 0.029084 0.970876 0.000010 0.000010 0.000010
0.000010 0.042330 0.031595 0.027049 0.830891 0.068125
0.000010 0.276992 0.102134 0.051433 0.518807 0.050625
0.000529 0.000010 0.002597 0.025141 0.935333 0.036390
0.000010 0.000010 0.006308 0.096998 0.832037 0.064636
0.000010 0.000010 0.000010 0.058696 0.940059 0.001215
0.018480 0.000010 0.000010 0.122176 0.859314 0.000010
0.010001 0.000010 0.000010 0.025820 0.964149 0.000010
0.017798 0.000010 0.038938 0.044636 0.839823 0.058794
0.734736 0.021862 0.000010 0.139575 0.071949 0.031869
0.564808 0.012295 0.013447 0.243299 0.096842 0.069309
0.009774 0.000010 0.000010 0.090388 0.899808 0.000010
0.000010 0.000010 0.000010 0.023443 0.966204 0.010323
0.006642 0.019964 0.002285 0.000010 0.910152 0.060947
0.000010 0.010869 0.012903 0.141951 0.834257 0.000010
0.000010 0.019777 0.000010 0.094945 0.885248 0.000010
0.870453 0.017296 0.000010 0.109530 0.002700 0.000010
0.781992 0.000010 0.000010 0.174899 0.000010 0.043079
0.999950 0.000010 0.000010 0.000010 0.000010 0.000010
0.785338 0.000010 0.013639 0.167785 0.000010 0.033218
0.968063 0.000010 0.000010 0.000010 0.000010 0.031897
0.679512 0.000010 0.083033 0.023167 0.131177 0.083102
0.999950 0.000010 0.000010 0.000010 0.000010 0.000010
0.976167 0.000347 0.000010 0.000010 0.000010 0.023456
0.841571 0.003404 0.000010 0.109577 0.000010 0.045428
0.612729 0.007570 0.099308 0.147784 0.079724 0.052884
0.779413 0.003144 0.000010 0.139920 0.016581 0.060932
0.666511 0.073925 0.017264 0.165394 0.015493 0.061415
0.999950 0.000010 0.000010 0.000010 0.000010 0.000010
0.798091 0.012191 0.004933 0.093937 0.000894 0.089954
0.810379 0.000010 0.036801 0.063478 0.074316 0.015016
0.849353 0.028915 0.000010 0.121702 0.000010 0.000010
0.544485 0.000010 0.386555 0.049820 0.013420 0.005710
0.779891 0.034639 0.034871 0.142170 0.008419 0.000010
0.604455 0.017214 0.043781 0.308641 0.014609 0.011301
0.645554 0.000010 0.097650 0.066804 0.189972 0.000010
0.874206 0.012620 0.000010 0.076516 0.036637 0.000010
0.977903 0.022057 0.000010 0.000010 0.000010 0.000010
0.910693 0.021791 0.000010 0.048120 0.019376 0.000010
0.905365 0.000010 0.022546 0.000010 0.000010 0.072059
0.000010 0.000010 0.000020 0.086332 0.913618 0.000010
0.000010 0.006883 0.005078 0.051097 0.880193 0.056739
0.999950 0.000010 0.000010 0.000010 0.000010 0.000010
0.602291 0.006147 0.020374 0.186175 0.090833 0.094181
0.660812 0.000010 0.000010 0.227944 0.007432 0.103792
0.993538 0.000010 0.006422 0.000010 0.000010 0.000010
0.669162 0.000010 0.016248 0.248678 0.033237 0.032665
0.551976 0.044987 0.020663 0.062768 0.172527 0.147079
0.806786 0.000010 0.028493 0.139399 0.025303 0.000010
0.985565 0.000010 0.008839 0.005566 0.000010 0.000010
0.686203 0.011436 0.000010 0.225444 0.020484 0.056423
0.845336 0.000010 0.000010 0.100098 0.017833 0.036713
0.717203 0.004947 0.018563 0.160979 0.005531 0.092777
0.741297 0.000010 0.014101 0.148596 0.036465 0.059530
0.775600 0.000010 0.040135 0.127483 0.000010 0.056762
0.000010 0.000046 0.000010 0.028832 0.908271 0.062831
0.000010 0.000010 0.009529 0.133420 0.857020 0.000010
0.000010 0.000010 0.000010 0.270207 0.554299 0.175464
0.004371 0.000010 0.000010 0.022366 0.861568 0.111674
0.000010 0.000010 0.012833 0.071211 0.915925 0.000010
0.775532 0.000010 0.004316 0.132947 0.001405 0.085791
0.916718 0.021900 0.026303 0.000010 0.000010 0.035060
0.903737 0.033207 0.000010 0.020910 0.000010 0.042126
0.782747 0.045668 0.000010 0.080749 0.000010 0.090816
0.847317 0.000010 0.006121 0.106227 0.000010 0.040315
0.352867 0.042214 0.000010 0.173385 0.388918 0.042607
0.822611 0.054148 0.020254 0.055762 0.000010 0.047216
0.015640 0.024772 0.018632 0.105624 0.835322 0.000010
0.017664 0.003698 0.000010 0.114174 0.822662 0.041792
0.038398 0.000010 0.000010 0.051465 0.901586 0.008531
0.014511 0.000010 0.000010 0.003873 0.944568 0.037029
0.034152 0.014538 0.000010 0.082477 0.868813 0.000010
0.004119 0.099047 0.879130 0.002883 0.000010 0.014810
0.000010 0.054391 0.943484 0.002095 0.000010 0.000010
