0.000010 0.000010 0.000010 0.424487 0.000010 0.575473
0.000010 0.016205 0.000010 0.321924 0.000010 0.661841
0.000010 0.000010 0.000010 0.394754 0.000010 0.605206
0.000010 0.010235 0.000010 0.284149 0.000010 0.705586
0.000010 0.000010 0.000010 0.383161 0.000010 0.616799
0.004019 0.005826 0.000010 0.422670 0.000010 0.567465
0.000010 0.000010 0.000010 0.403560 0.000010 0.596400
0.003953 0.000010 0.000010 0.337148 0.000010 0.658869
0.000010 0.008585 0.000010 0.400482 0.000010 0.590903
0.000010 0.000015 0.006776 0.351347 0.000010 0.641841
0.004595 0.000010 0.000010 0.372214 0.000010 0.623162
0.000010 0.005560 0.000010 0.368674 0.000010 0.625736
0.000010 0.000010 0.000010 0.401772 0.000010 0.598188
0.005333 0.021958 0.000010 0.407115 0.000010 0.565573
0.000010 0.000010 0.000010 0.364989 0.000010 0.634971
0.000010 0.000010 0.000010 0.391055 0.000010 0.608905
0.000010 0.000010 0.000010 0.380442 0.000010 0.619518
0.000127 0.000010 0.000010 0.333470 0.000010 0.666373
0.000015 0.000010 0.000010 0.435666 0.000010 0.564289
0.000010 0.000010 0.000010 0.371896 0.000010 0.628064
0.007242 0.000010 0.000010 0.395565 0.000010 0.597164
0.000010 0.000010 0.000010 0.355795 0.000010 0.644165
0.000010 0.004252 0.000010 0.384410 0.000010 0.611307
0.001921 0.000010 0.000010 0.427275 0.000010 0.570774
0.000010 0.000010 0.000010 0.412717 0.000010 0.587243
0.000010 0.014457 0.000010 0.371484 0.000010 0.614028
0.000010 0.000010 0.000010 0.429615 0.000010 0.570345
0.000010 0.004938 0.000010 0.334724 0.000010 0.660308
0.000010 0.000020 0.000010 0.286108 0.000010 0.713842
0.000010 0.000010 0.000010 0.348583 0.000010 0.651377
0.005688 0.000010 0.000010 0.425340 0.000010 0.568943
0.000010 0.007523 0.000010 0.359212 0.000010 0.633234
0.003889 0.015650 0.006797 0.360405 0.000010 0.613248
0.000010 0.006006 0.000010 0.343756 0.000010 0.650209
0.000481 0.003477 0.000010 0.327037 0.000010 0.668986
0.006764 0.010272 0.000239 0.382082 0.000010 0.600634
0.000010 0.000010 0.000010 0.376528 0.000010 0.623432
0.005790 0.000010 0.000010 0.387804 0.000010 0.606376
0.000012 0.000010 0.000010 0.386966 0.000010 0.612991
0.000010 0.000010 0.000010 0.362044 0.000010 0.637916
0.004063 0.000010 0.000010 0.363210 0.000010 0.632698
0.000010 0.000017 0.000010 0.326919 0.000010 0.673033
0.000010 0.000019 0.000010 0.382727 0.000010 0.617224
0.004498 0.000010 0.000010 0.361808 0.000010 0.633664
0.000010 0.000010 0.000010 0.335831 0.000010 0.664129
0.000013 0.002980 0.000010 0.367261 0.000010 0.629727
0.000010 0.000010 0.003905 0.379550 0.000010 0.616515
0.000020 0.002101 0.000010 0.362419 0.000010 0.635440
0.000010 0.000010 0.000010 0.399400 0.000010 0.600560
0.000010 0.000010 0.000010 0.323052 0.000010 0.676908
0.000010 0.000010 0.000010 0.379531 0.000010 0.620429
0.000010 0.000010 0.000010 0.436866 0.000010 0.563094
0.004769 0.019108 0.000010 0.377517 0.000010 0.598585
0.002294 0.004138 0.012361 0.332833 0.000010 0.648363
0.001415 0.002198 0.000010 0.302584 0.000010 0.693783
0.008010 0.000010 0.028786 0.963174 0.000010 0.000010
0.014725 0.000010 0.018723 0.919569 0.000010 0.046964
0.000010 0.000010 0.005761 0.780973 0.000010 0.213236
0.000010 0.000010 0.027359 0.933538 0.000010 0.039073
0.000010 0.000010 0.043734 0.956226 0.000010 0.000010
0.000010 0.000010 0.031219 0.862366 0.000010 0.106385
0.008328 0.003699 0.038786 0.892250 0.000010 0.056928
0.000010 0.017727 0.026844 0.854094 0.000010 0.101315
0.000010 0.009517 0.032529 0.638199 0.000010 0.319735
0.000010 0.000010 0.026493 0.901577 0.000010 0.071900
0.007765 0.000010 0.013001 0.950454 0.000010 0.028761
0.000010 0.014548 0.032499 0.930586 0.000010 0.022347
0.009886 0.000010 0.024547 0.933872 0.000010 0.031674
0.000010 0.000010 0.009642 0.959219 0.000010 0.031110
0.005887 0.000010 0.012723 0.913894 0.000010 0.067476
0.016533 0.000010 0.028983 0.842048 0.000010 0.112416
0.000010 0.024269 0.011793 0.783523 0.000010 0.180395
0.004070 0.005984 0.000010 0.359111 0.000010 0.630816
0.000010 0.000010 0.000010 0.351221 0.000010 0.648739
0.000010 0.000010 0.000223 0.320439 0.000010 0.679308
0.000010 0.000010 0.000010 0.367721 0.000010 0.632239
0.000010 0.000010 0.000010 0.389132 0.000010 0.610828
0.000010 0.000010 0.000010 0.384538 0.000010 0.615422
0.000010 0.008448 0.000010 0.384660 0.000010 0.606863
0.013649 0.000010 0.000010 0.331358 0.000010 0.654964
0.000010 0.009031 0.001186 0.361789 0.000010 0.627974
0.011486 0.000010 0.000010 0.360709 0.000010 0.627775
0.006908 0.003602 0.000010 0.323756 0.000010 0.665714
0.003368 0.000010 0.000010 0.346977 0.000010 0.649625
0.004227 0.000010 0.000010 0.319522 0.000010 0.676221
0.000010 0.000010 0.000010 0.334483 0.000010 0.665477
0.000613 0.000010 0.000010 0.368824 0.000363 0.630180
0.000015 0.018836 0.000016 0.370775 0.000010 0.610349
0.000011 0.025064 0.000010 0.344148 0.000010 0.630756
0.000010 0.000010 0.000010 0.409186 0.000010 0.590774
0.000010 0.000010 0.000010 0.334006 0.000010 0.665954
0.000010 0.027647 0.000010 0.324532 0.000010 0.647791
0.006062 0.000010 0.000010 0.371577 0.000010 0.622331
0.000010 0.000010 0.000010 0.364387 0.000010 0.635573
0.000010 0.000010 0.000010 0.347057 0.000597 0.652317
0.000010 0.000010 0.000010 0.359773 0.000010 0.640187
0.001756 0.000010 0.000010 0.360042 0.000010 0.638172
0.000011 0.000010 0.000010 0.367810 0.000010 0.632148
0.000010 0.000742 0.000010 0.324072 0.000010 0.675156
0.001397 0.024895 0.000010 0.368308 0.000010 0.605380
0.000010 0.000010 0.000010 0.308529 0.000010 0.691431
0.002384 0.000010 0.000010 0.350549 0.000010 0.647037
0.000010 0.007058 0.000010 0.371503 0.000010 0.621409
0.000010 0.017484 0.025560 0.894308 0.000010 0.062628
0.005635 0.000586 0.022320 0.957127 0.000010 0.014322
0.002715 0.000010 0.018337 0.780707 0.000010 0.198221
0.003170 0.000010 0.008452 0.967427 0.000010 0.020931
0.000010 0.000010 0.037666 0.962294 0.000010 0.000010
0.010159 0.000010 0.028455 0.961356 0.000010 0.000010
0.001119 0.017938 0.025184 0.813442 0.000010 0.142307
0.007139 0.000010 0.014364 0.864110 0.000010 0.114366
0.000010 0.006196 0.022572 0.770037 0.000010 0.201174
0.001479 0.021459 0.034375 0.902580 0.002040 0.038067
0.017273 0.000010 0.000010 0.745186 0.000010 0.237511
0.000010 0.012390 0.011490 0.950131 0.000010 0.025968
0.005287 0.000010 0.017038 0.932009 0.000010 0.045645
0.000010 0.000010 0.018259 0.909759 0.000010 0.071951
0.000010 0.005088 0.042232 0.844777 0.000010 0.107883
0.000010 0.000010 0.030342 0.857384 0.000010 0.112244
0.002666 0.002430 0.033093 0.961791 0.000010 0.000010
0.005690 0.013938 0.002688 0.964440 0.000010 0.013234
0.005885 0.000010 0.008376 0.985709 0.000010 0.000010
0.000010 0.000010 0.028588 0.971372 0.000010 0.000010
0.000010 0.008674 0.018955 0.807005 0.000010 0.165346
0.000010 0.000010 0.032010 0.895868 0.000010 0.072092
0.000010 0.000010 0.043273 0.848647 0.000010 0.108050
0.000015 0.004163 0.010678 0.846916 0.000010 0.138218
0.010688 0.000010 0.009912 0.732516 0.000010 0.246864
0.000010 0.000010 0.014943 0.985017 0.000010 0.000010
0.012330 0.000010 0.015190 0.922139 0.000010 0.050321
0.000010 0.000129 0.001867 0.814336 0.000010 0.183648
0.012687 0.000010 0.017019 0.894863 0.000010 0.075411
0.008815 0.000010 0.019696 0.780288 0.000010 0.191181
0.012928 0.011146 0.027930 0.870004 0.000010 0.077981
0.000010 0.024644 0.018506 0.956820 0.000010 0.000010
0.021486 0.000010 0.003763 0.974721 0.000010 0.000010
0.000010 0.000010 0.033972 0.965988 0.000010 0.000010
0.000010 0.000010 0.019077 0.919003 0.000010 0.061890
0.000010 0.001297 0.038895 0.909567 0.000010 0.050221
0.006250 0.000010 0.011321 0.891643 0.000010 0.090766
0.000010 0.000010 0.011764 0.832688 0.000010 0.155518
0.000010 0.000010 0.028622 0.828323 0.000010 0.143025
0.005251 0.000010 0.006403 0.841733 0.000010 0.146593
0.005069 0.034461 0.012042 0.824072 0.000010 0.124345
0.000010 0.000010 0.019432 0.855384 0.000010 0.125153
0.000010 0.000010 0.019648 0.910132 0.000010 0.070190
0.005062 0.001400 0.022727 0.879556 0.000010 0.091244
0.000010 0.000010 0.005540 0.740513 0.000010 0.253918
0.000010 0.000010 0.015640 0.881710 0.000010 0.102620
0.000010 0.000010 0.031771 0.888743 0.000010 0.079456
0.000010 0.000010 0.021946 0.629639 0.011419 0.336977
0.004068 0.000010 0.025900 0.951614 0.000010 0.018398
0.000010 0.000010 0.030437 0.927006 0.000010 0.042527
0.000010 0.023971 0.014067 0.640592 0.000010 0.321349
0.004253 0.000010 0.024714 0.867673 0.000010 0.103341
0.012057 0.000010 0.010206 0.772512 0.000010 0.205205
0.000010 0.001319 0.021676 0.907374 0.000010 0.069612
0.000010 0.000010 0.002386 0.671807 0.000689 0.325098
0.000486 0.000010 0.036339 0.910473 0.000010 0.052682
0.001574 0.000010 0.037097 0.890580 0.000010 0.070728
0.001334 0.000010 0.015122 0.829709 0.000010 0.153816
0.007998 0.000010 0.019385 0.867022 0.000010 0.105575
0.008574 0.000010 0.005412 0.854921 0.000010 0.131073
0.000010 0.000010 0.014124 0.985836 0.000010 0.000010
0.000010 0.007418 0.007790 0.804997 0.000010 0.179774
0.000010 0.000010 0.027928 0.972032 0.000010 0.000010
0.000010 0.000010 0.019621 0.919118 0.000010 0.061231
0.009470 0.000010 0.027348 0.890056 0.000010 0.073106
0.009773 0.000010 0.004816 0.985381 0.000010 0.000010
0.021512 0.017033 0.000010 0.881444 0.000010 0.079990
0.014203 0.000010 0.043647 0.846335 0.000010 0.095795
0.000010 0.000010 0.019755 0.980205 0.000010 0.000010
0.007629 0.000010 0.010653 0.981688 0.000010 0.000010
0.001900 0.000010 0.028706 0.886210 0.000010 0.083164
0.008824 0.000010 0.015153 0.886636 0.000010 0.089368
0.014883 0.000010 0.012383 0.918109 0.000010 0.054605
0.000010 0.010977 0.000010 0.861140 0.000010 0.127853
0.000010 0.000010 0.020628 0.924994 0.000010 0.054348
0.010131 0.000010 0.003924 0.863770 0.000010 0.122155
0.000010 0.000010 0.009652 0.713568 0.000010 0.276750
0.000010 0.000010 0.024862 0.900139 0.000010 0.074969
0.018211 0.000010 0.004646 0.977113 0.000010 0.000010
0.000010 0.000010 0.031927 0.968033 0.000010 0.000010
0.015096 0.000010 0.001126 0.883642 0.000010 0.100116
0.007953 0.000010 0.992007 0.000010 0.000010 0.000010
0.009413 0.000010 0.990547 0.000010 0.000010 0.000010
0.000010 0.000010 0.999950 0.000010 0.000010 0.000010
0.000010 0.000010 0.999950 0.000010 0.000010 0.000010
0.000010 0.006004 0.992922 0.001043 0.000010 0.000010
0.000010 0.000010 0.999950 0.000010 0.000010 0.000010
0.000010 0.000010 0.999950 0.000010 0.000010 0.000010
0.000010 0.002243 0.990537 0.007191 0.000010 0.000010
0.000010 0.000010 0.999950 0.000010 0.000010 0.000010
0.000010 0.000010 0.999950 0.000010 0.000010 0.000010
0.008879 0.000010 0.991081 0.000010 0.000010 0.000010
0.000010 0.000010 0.999950 0.000010 0.000010 0.000010
0.000010 0.000010 0.999950 0.000010 0.000010 0.000010
0.003811 0.000010 0.996149 0.000010 0.000010 0.000010
0.000019 0.000010 0.999941 0.000010 0.000010 0.000010
0.010056 0.000010 0.989904 0.000010 0.000010 0.000010
0.002575 0.000010 0.997385 0.000010 0.000010 0.000010
0.008596 0.000010 0.991364 0.000010 0.000010 0.000010
0.001593 0.000010 0.998367 0.000010 0.000010 0.000010
0.005451 0.000010 0.994509 0.000010 0.000010 0.000010
0.000010 0.000010 0.999950 0.000010 0.000010 0.000010
0.001993 0.000010 0.997967 0.000010 0.000010 0.000010
0.004721 0.000010 0.995239 0.000010 0.000010 0.000010
0.009491 0.000010 0.990469 0.000010 0.000010 0.000010
0.000010 0.000010 0.999950 0.000010 0.000010 0.000010
0.000026 0.000010 0.999934 0.000010 0.000010 0.000010
0.012699 0.000010 0.987261 0.000010 0.000010 0.000010
0.000010 0.000010 0.999950 0.000010 0.000010 0.000010
0.000010 0.000010 0.999950 0.000010 0.000010 0.000010
0.000010 0.000010 0.999948 0.000012 0.000010 0.000010
0.000010 0.000010 0.999948 0.000012 0.000010 0.000010
0.000010 0.000010 0.999950 0.000010 0.000010 0.000010
0.000010 0.000010 0.999950 0.000010 0.000010 0.000010
0.011873 0.000010 0.988087 0.000010 0.000010 0.000010
0.010657 0.000010 0.989303 0.000010 0.000010 0.000010
0.007557 0.000010 0.992403 0.000010 0.000010 0.000010
0.006633 0.000010 0.993327 0.000010 0.000010 0.000010
0.009089 0.000010 0.990871 0.000010 0.000010 0.000010
0.000010 0.000010 0.999950 0.000010 0.000010 0.000010
0.000010 0.000010 0.999950 0.000010 0.000010 0.000010
0.008430 0.000010 0.991530 0.000010 0.000010 0.000010
0.012201 0.000010 0.987759 0.000010 0.000010 0.000010
0.143464 0.000010 0.013148 0.000010 0.083091 0.760277
0.197587 0.032135 0.006293 0.000010 0.173283 0.590692
0.118624 0.061149 0.002486 0.025014 0.076597 0.716131
0.000406 0.000010 0.999554 0.000010 0.000010 0.000010
0.000010 0.000010 0.999950 0.000010 0.000010 0.000010
0.011099 0.000010 0.988861 0.000010 0.000010 0.000010
0.004322 0.000010 0.995638 0.000010 0.000010 0.000010
0.005257 0.000010 0.994703 0.000010 0.000010 0.000010
0.007707 0.000010 0.992253 0.000010 0.000010 0.000010
0.000010 0.000010 0.999950 0.000010 0.000010 0.000010
0.000010 0.000010 0.999950 0.000010 0.000010 0.000010
0.003401 0.000010 0.996559 0.000010 0.000010 0.000010
0.000010 0.000010 0.999950 0.000010 0.000010 0.000010
0.021460 0.000010 0.978500 0.000010 0.000010 0.000010
0.000010 0.016945 0.983015 0.000010 0.000010 0.000010
0.018692 0.000010 0.968882 0.011525 0.000010 0.000881
0.000010 0.000010 0.999950 0.000010 0.000010 0.000010
0.000010 0.000010 0.999950 0.000010 0.000010 0.000010
0.000010 0.000010 0.999950 0.000010 0.000010 0.000010
0.000010 0.000010 0.999949 0.000010 0.000011 0.000010
0.007063 0.000010 0.992896 0.000012 0.000010 0.000010
0.000010 0.000010 0.999950 0.000010 0.000010 0.000010
0.000010 0.000010 0.999950 0.000010 0.000010 0.000010
0.007547 0.000010 0.992413 0.000010 0.000010 0.000010
0.022015 0.000010 0.977945 0.000010 0.000010 0.000010
0.000010 0.000010 0.999950 0.000010 0.000010 0.000010
0.000010 0.000010 0.999950 0.000010 0.000010 0.000010
0.010194 0.000010 0.989766 0.000010 0.000010 0.000010
0.000010 0.000010 0.999950 0.000010 0.000010 0.000010
0.000010 0.000010 0.986116 0.000010 0.007329 0.006525
0.000010 0.000010 0.999950 0.000010 0.000010 0.000010
0.000010 0.000010 0.999950 0.000010 0.000010 0.000010
0.000010 0.000010 0.999950 0.000010 0.000010 0.000010
0.008776 0.000010 0.989974 0.001219 0.000010 0.000010
0.000011 0.000010 0.999949 0.000010 0.000010 0.000010
0.000010 0.000010 0.999950 0.000010 0.000010 0.000010
0.000010 0.000010 0.999950 0.000010 0.000010 0.000010
0.000010 0.000010 0.999950 0.000010 0.000010 0.000010
0.123477 0.026964 0.031609 0.077212 0.140095 0.600643
0.156453 0.010825 0.000010 0.023142 0.185126 0.624444
0.104071 0.000010 0.010398 0.012635 0.082128 0.790758
0.185702 0.026088 0.001017 0.000010 0.083400 0.703783
0.000010 0.000010 0.999950 0.000010 0.000010 0.000010
0.008386 0.000010 0.991011 0.000010 0.000010 0.000573
0.000633 0.010368 0.988969 0.000010 0.000010 0.000010
0.000010 0.000010 0.999950 0.000010 0.000010 0.000010
0.000010 0.000010 0.990753 0.009207 0.000010 0.000010
0.000010 0.008196 0.988238 0.003537 0.000010 0.000010
0.008429 0.000010 0.991531 0.000010 0.000010 0.000010
0.000010 0.000010 0.999950 0.000010 0.000010 0.000010
0.000010 0.000010 0.999950 0.000010 0.000010 0.000010
0.000010 0.000010 0.999950 0.000010 0.000010 0.000010
0.000010 0.000010 0.999950 0.000010 0.000010 0.000010
0.000010 0.000010 0.999950 0.000010 0.000010 0.000010
0.000010 0.006971 0.992989 0.000010 0.000010 0.000010
0.000956 0.002589 0.996425 0.000010 0.000010 0.000010
0.010266 0.000010 0.989694 0.000010 0.000010 0.000010
0.000010 0.000010 0.999950 0.000010 0.000010 0.000010
0.000010 0.000010 0.999950 0.000010 0.000010 0.000010
0.009202 0.000010 0.986037 0.004730 0.000010 0.000010
0.004437 0.000010 0.995521 0.000012 0.000010 0.000010
0.000010 0.000010 0.999950 0.000010 0.000010 0.000010
0.000010 0.000010 0.999950 0.000010 0.000010 0.000010
0.000010 0.000010 0.999950 0.000010 0.000010 0.000010
0.009663 0.000010 0.985382 0.004926 0.000010 0.000010
0.000010 0.000010 0.999950 0.000010 0.000010 0.000010
0.000010 0.000010 0.999950 0.000010 0.000010 0.000010
0.008087 0.000010 0.991870 0.000013 0.000010 0.000010
0.001666 0.000010 0.998294 0.000010 0.000010 0.000010
0.000010 0.004820 0.995140 0.000010 0.000010 0.000010
0.076773 0.000010 0.018886 0.077414 0.026578 0.800339
0.147017 0.000010 0.024996 0.007933 0.049083 0.770962
0.189985 0.000010 0.024898 0.079171 0.116973 0.588963
0.122420 0.000010 0.017698 0.056438 0.059158 0.744276
0.116362 0.000010 0.000010 0.073207 0.081799 0.728612
0.070820 0.000010 0.000010 0.213644 0.040368 0.675148
0.145725 0.000010 0.024237 0.033775 0.115311 0.680942
0.069950 0.000010 0.000010 0.032251 0.072758 0.825020
0.229754 0.000010 0.019556 0.000010 0.085941 0.664728
0.000010 0.003876 0.988716 0.007378 0.000010 0.000010
0.000010 0.004511 0.995449 0.000010 0.000010 0.000010
0.000010 0.009115 0.990845 0.000010 0.000010 0.000010
0.000995 0.000010 0.995386 0.000010 0.000010 0.003589
0.000010 0.012943 0.987017 0.000010 0.000010 0.000010
0.000010 0.000010 0.999950 0.000010 0.000010 0.000010
0.000010 0.000010 0.999950 0.000010 0.000010 0.000010
0.000010 0.000010 0.999950 0.000010 0.000010 0.000010
0.004504 0.012060 0.983403 0.000013 0.000010 0.000010
0.000010 0.007469 0.984392 0.000019 0.000010 0.008100
0.000010 0.000010 0.999950 0.000010 0.000010 0.000010
0.000010 0.002394 0.997566 0.000010 0.000010 0.000010
0.000010 0.000010 0.999950 0.000010 0.000010 0.000010
0.000010 0.010560 0.989400 0.000010 0.000010 0.000010
0.000010 0.009135 0.990825 0.000010 0.000010 0.000010
0.114736 0.023018 0.000010 0.081582 0.082504 0.698151
0.148901 0.000447 0.018244 0.036235 0.107229 0.688943
0.156816 0.000424 0.002160 0.045237 0.229500 0.565862
0.202917 0.028701 0.000010 0.010610 0.199238 0.558524
0.178561 0.004629 0.014480 0.049343 0.238482 0.514505
0.180514 0.000010 0.008034 0.000010 0.061124 0.750308
0.110803 0.009405 0.003776 0.033029 0.122611 0.720375
0.142651 0.003250 0.007567 0.093434 0.125646 0.627452
0.117434 0.000010 0.010740 0.083073 0.082700 0.706043
0.151046 0.000010 0.004355 0.018382 0.077635 0.748571
0.141311 0.000010 0.017360 0.011783 0.344580 0.484956
0.115421 0.000010 0.026744 0.011380 0.161387 0.685058
0.135414 0.000010 0.004886 0.080726 0.083138 0.695827
0.144722 0.000010 0.026772 0.000010 0.076076 0.752410
0.161914 0.023935 0.000010 0.000010 0.081814 0.732317
0.153571 0.004053 0.013970 0.053268 0.066518 0.708620
0.144838 0.013131 0.011720 0.000010 0.066546 0.763756
0.149612 0.000010 0.012272 0.000010 0.091368 0.746728
0.052635 0.044478 0.018200 0.022531 0.082384 0.779773
0.179041 0.030217 0.025448 0.024386 0.205783 0.535126
0.143873 0.017103 0.000010 0.023261 0.173732 0.642022
0.231635 0.013394 0.006636 0.000010 0.087096 0.661228
0.160610 0.039120 0.007607 0.065244 0.201536 0.525883
0.155805 0.007946 0.022556 0.023414 0.096385 0.693893
0.122396 0.000010 0.037859 0.000010 0.110827 0.728899
0.208303 0.015882 0.002104 0.016013 0.128048 0.629651
0.128686 0.001971 0.005208 0.104671 0.198198 0.561266
0.155108 0.012054 0.000010 0.021761 0.147180 0.663887
0.136266 0.012197 0.010168 0.000010 0.251921 0.589438
0.126714 0.019452 0.017532 0.009511 0.114931 0.711861
0.145692 0.010225 0.003771 0.029923 0.101651 0.708739
0.161690 0.000010 0.022902 0.034484 0.091032 0.689883
0.153105 0.000010 0.007709 0.031833 0.100606 0.706738
0.175178 0.000010 0.021288 0.001518 0.151476 0.650531
0.127160 0.016206 0.002604 0.057057 0.177317 0.619656
0.141708 0.000010 0.007053 0.020191 0.093744 0.737295
0.087784 0.000929 0.007579 0.122687 0.084132 0.696888
0.101224 0.000010 0.021147 0.000010 0.228821 0.648789
0.150716 0.003134 0.001826 0.079212 0.126292 0.638820
0.135516 0.000010 0.010811 0.095088 0.115269 0.643306
0.077416 0.001990 0.000010 0.032336 0.023213 0.865035
0.287148 0.001601 0.011107 0.025136 0.006307 0.668701
0.118805 0.000010 0.000010 0.068641 0.029966 0.782567
0.295912 0.025345 0.014643 0.048434 0.037505 0.578161
0.228521 0.003365 0.000010 0.073826 0.077350 0.616928
0.303307 0.000010 0.020794 0.061397 0.141021 0.473471
0.257796 0.000373 0.026703 0.070006 0.081681 0.563440
0.269121 0.000010 0.000010 0.050905 0.069727 0.610228
0.263012 0.000010 0.019052 0.000010 0.057558 0.660358
0.180409 0.000010 0.008338 0.075706 0.014759 0.720777
0.220531 0.000010 0.033630 0.033474 0.114597 0.597758
0.277215 0.000010 0.000010 0.019032 0.095286 0.608447
0.318180 0.000010 0.027085 0.019929 0.022955 0.611840
0.303479 0.019148 0.003954 0.022428 0.174696 0.476296
0.290756 0.028583 0.000010 0.024539 0.036516 0.619596
0.377259 0.000010 0.022484 0.000010 0.174558 0.425679
0.256195 0.004989 0.004887 0.066521 0.052785 0.614622
0.436509 0.023078 0.036583 0.000010 0.107130 0.396689
0.167819 0.007438 0.017569 0.000010 0.167070 0.640094
0.165629 0.002610 0.006984 0.002112 0.105947 0.716718
0.132716 0.001157 0.000010 0.032136 0.109297 0.724685
0.156651 0.000010 0.005007 0.063934 0.221120 0.553278
0.070663 0.044028 0.000010 0.009461 0.036517 0.839321
0.160614 0.007548 0.017929 0.054013 0.114200 0.645696
0.135659 0.016423 0.015715 0.047603 0.194282 0.590318
0.060986 0.000010 0.015262 0.005369 0.071585 0.846788
0.117642 0.001722 0.021595 0.045790 0.057653 0.755598
0.175553 0.000010 0.032710 0.038223 0.082811 0.670694
0.195545 0.000010 0.037279 0.060116 0.081001 0.626048
0.144911 0.000010 0.027682 0.083662 0.151475 0.592260
0.163262 0.000010 0.036393 0.000010 0.116077 0.684248
0.249147 0.000010 0.002883 0.022783 0.210759 0.514417
0.201096 0.034063 0.019227 0.000010 0.232045 0.513560
0.224891 0.000010 0.015055 0.022141 0.169834 0.568068
0.216152 0.010546 0.000010 0.043514 0.106206 0.623572
0.160868 0.000010 0.000010 0.030649 0.063110 0.745353
0.160060 0.001172 0.004760 0.000010 0.191433 0.642566
0.112451 0.001010 0.010606 0.000010 0.054088 0.821835
0.117187 0.009562 0.028986 0.057872 0.107381 0.679011
0.123526 0.023037 0.007789 0.042175 0.117258 0.686215
0.180224 0.022315 0.015381 0.052719 0.179423 0.549939
0.123451 0.018131 0.011534 0.000010 0.118483 0.728391
0.330743 0.013159 0.000010 0.052031 0.074765 0.529292
0.247162 0.000010 0.021080 0.056419 0.020507 0.654823
0.248390 0.000010 0.018364 0.007750 0.053587 0.671899
0.281324 0.000010 0.037194 0.008582 0.176082 0.496809
0.187592 0.006626 0.000010 0.067413 0.012508 0.725852
0.324216 0.007384 0.000010 0.098756 0.011717 0.557917
0.126300 0.001865 0.011736 0.079883 0.029603 0.750613
0.314847 0.013739 0.007356 0.001735 0.118642 0.543681
0.276721 0.000010 0.025289 0.000010 0.066524 0.631446
0.266561 0.013955 0.008465 0.000010 0.077623 0.633386
0.287990 0.012425 0.021341 0.036026 0.183282 0.458936
0.354621 0.000010 0.024965 0.000010 0.007988 0.612406
0.290683 0.000010 0.013024 0.009175 0.020804 0.666304
0.257433 0.000010 0.031546 0.005170 0.023811 0.682030
0.233071 0.000010 0.031163 0.000010 0.076025 0.659721
0.158064 0.000010 0.000010 0.005551 0.229012 0.607354
0.201177 0.000010 0.023930 0.000010 0.126032 0.648842
0.164866 0.031973 0.030233 0.020504 0.124470 0.627954
0.159004 0.007309 0.030344 0.047057 0.164012 0.592274
0.145458 0.024849 0.016126 0.000010 0.242449 0.571107
0.091865 0.008300 0.021935 0.051305 0.094170 0.732425
0.156015 0.012117 0.000273 0.025451 0.110095 0.696049
0.156463 0.000010 0.028415 0.044940 0.110480 0.659692
0.103661 0.000010 0.010319 0.015451 0.127048 0.743511
0.189781 0.000010 0.022818 0.004191 0.102554 0.680646
0.012376 0.000010 0.000010 0.360223 0.000010 0.627371
0.593026 0.001237 0.020622 0.021089 0.011529 0.352497
0.197681 0.000010 0.045606 0.033423 0.363156 0.360124
0.404292 0.006754 0.000010 0.110659 0.030509 0.447777
0.232463 0.004190 0.019956 0.027258 0.052514 0.663618
0.414860 0.010480 0.011245 0.046139 0.052664 0.464612
0.403343 0.014842 0.000010 0.013151 0.077144 0.491510
0.275120 0.012205 0.017529 0.028143 0.020288 0.646714
0.213165 0.008539 0.000010 0.013236 0.028575 0.736475
0.182966 0.003838 0.000010 0.003329 0.021210 0.788647
0.329123 0.007397 0.007212 0.032408 0.040149 0.583710
0.278150 0.000010 0.020138 0.097333 0.025901 0.578468
0.252052 0.011876 0.027137 0.055223 0.040232 0.613481
0.225524 0.024236 0.021648 0.000010 0.059140 0.669442
0.230835 0.013270 0.009383 0.013516 0.155483 0.577513
0.328219 0.000010 0.027445 0.037627 0.175062 0.431638
0.266251 0.016812 0.012566 0.056709 0.152730 0.494933
0.279312 0.000010 0.007888 0.020366 0.123067 0.569358
0.522771 0.015670 0.007458 0.000010 0.126918 0.327173
0.333487 0.000010 0.023819 0.005884 0.033425 0.603375
0.266089 0.000010 0.000010 0.028666 0.014940 0.690285
0.296431 0.000010 0.024861 0.011674 0.133972 0.533052
0.302453 0.000010 0.023570 0.012548 0.105451 0.555968
0.373765 0.017988 0.023574 0.023424 0.042091 0.519159
0.253613 0.000010 0.000010 0.078556 0.042279 0.625532
0.220668 0.000010 0.018411 0.010372 0.051904 0.698636
0.146290 0.003828 0.029508 0.020810 0.063781 0.735782
0.316548 0.000010 0.011462 0.000010 0.280261 0.391710
0.166186 0.005161 0.018348 0.051145 0.161250 0.597911
0.148795 0.000010 0.028646 0.017476 0.212125 0.592949
0.131675 0.000010 0.012782 0.023244 0.079890 0.752400
0.205037 0.037541 0.020630 0.002855 0.165507 0.568430
0.173867 0.023196 0.000010 0.007062 0.186945 0.608920
0.216049 0.009272 0.000010 0.027297 0.147653 0.599719
0.177696 0.009226 0.018306 0.044746 0.169232 0.580793
0.106709 0.000010 0.027385 0.027144 0.098964 0.739787
0.223249 0.000010 0.000010 0.048720 0.086309 0.641702
0.184301 0.011761 0.015248 0.017251 0.135200 0.636240
0.169320 0.003188 0.023005 0.110284 0.123388 0.570815
0.288420 0.035598 0.000010 0.003241 0.113566 0.559165
0.249456 0.000010 0.013368 0.000010 0.036324 0.700832
0.532573 0.020343 0.013542 0.000010 0.038405 0.395128
0.131057 0.000010 0.018319 0.017986 0.011103 0.821524
0.226930 0.000010 0.011990 0.095998 0.179247 0.485825
0.409794 0.000010 0.033036 0.000010 0.034576 0.522575
0.554860 0.000837 0.015777 0.000010 0.040265 0.388250
0.278450 0.011726 0.032643 0.095646 0.092489 0.489046
0.243372 0.004969 0.032256 0.004643 0.071256 0.643503
0.406035 0.001809 0.000388 0.050278 0.038036 0.503454
0.388534 0.000010 0.016662 0.034917 0.056623 0.503253
0.419798 0.014219 0.008642 0.019272 0.038526 0.499543
0.387133 0.017763 0.008374 0.021738 0.167560 0.397432
0.318887 0.004527 0.013533 0.004277 0.282312 0.376464
0.326085 0.000010 0.000010 0.004433 0.189409 0.480053
0.201390 0.014567 0.000010 0.002656 0.021726 0.759651
0.202034 0.016315 0.000010 0.000010 0.022554 0.759076
0.164812 0.000010 0.000010 0.065548 0.018425 0.751195
0.139727 0.003722 0.004594 0.018087 0.030511 0.803359
0.276852 0.009554 0.013932 0.048155 0.351782 0.299724
0.348746 0.002143 0.001119 0.000010 0.050978 0.597004
0.136170 0.017134 0.000010 0.073218 0.156860 0.616609
0.137941 0.012266 0.000010 0.072927 0.015265 0.761590
0.167062 0.000010 0.024519 0.007050 0.014955 0.786404
0.200149 0.005438 0.029840 0.001808 0.030520 0.732246
0.420780 0.021175 0.008780 0.000010 0.102766 0.446488
0.380647 0.000010 0.026147 0.020378 0.124026 0.448792
0.362544 0.014813 0.010241 0.011714 0.057776 0.542914
0.360789 0.015402 0.027895 0.000010 0.049546 0.546358
0.000010 0.004785 0.008564 0.046149 0.013793 0.926698
0.004275 0.000772 0.003576 0.168631 0.036507 0.786240
0.000010 0.010188 0.003709 0.119672 0.008859 0.857563
0.011221 0.000010 0.009286 0.033868 0.016222 0.929394
0.000010 0.011558 0.000010 0.174382 0.012759 0.801282
0.000010 0.006998 0.012588 0.120472 0.009113 0.850820
0.003301 0.014896 0.000134 0.108291 0.024537 0.848841
0.006836 0.000010 0.000010 0.111505 0.009349 0.872290
0.002394 0.000010 0.007285 0.126458 0.000010 0.863843
0.005781 0.000010 0.000010 0.155376 0.005721 0.833102
0.000010 0.000010 0.000011 0.121815 0.000010 0.878143
0.000010 0.000010 0.002932 0.127892 0.000010 0.869146
0.000010 0.000010 0.000010 0.157918 0.004020 0.838032
0.000010 0.000010 0.002506 0.154815 0.000010 0.842649
0.000010 0.000010 0.000010 0.199564 0.000010 0.800396
0.000010 0.000010 0.005159 0.167396 0.000010 0.827415
0.000010 0.000010 0.000010 0.154940 0.004367 0.840663
0.000010 0.004758 0.007195 0.107101 0.025391 0.855545
0.009710 0.015896 0.000010 0.056388 0.031873 0.886123
0.000010 0.000010 0.013077 0.079216 0.022199 0.885488
0.000010 0.000010 0.022609 0.100560 0.018876 0.857935
0.000010 0.004136 0.009062 0.128434 0.020525 0.837833
0.007096 0.000010 0.002509 0.167180 0.012619 0.810586
0.000126 0.015524 0.001155 0.133643 0.015266 0.834286
0.232533 0.000010 0.007961 0.043362 0.061920 0.654213
0.244566 0.000010 0.010915 0.027304 0.376219 0.340986
0.321585 0.003932 0.016326 0.004988 0.235912 0.417257
0.707140 0.009297 0.017669 0.000010 0.000010 0.265873
0.478833 0.000010 0.008112 0.062297 0.017251 0.433496
0.683208 0.000010 0.005306 0.029680 0.000010 0.281787
0.999950 0.000010 0.000010 0.000010 0.000010 0.000010
0.465624 0.032118 0.000010 0.024193 0.048849 0.429206
0.635957 0.000010 0.000506 0.009983 0.007711 0.345833
0.007315 0.727373 0.000010 0.130219 0.000010 0.135073
0.011631 0.686072 0.019774 0.096553 0.000010 0.185960
0.032064 0.654609 0.000010 0.101237 0.000010 0.212069
0.009711 0.654161 0.000020 0.029230 0.000010 0.306869
0.001103 0.000010 0.987960 0.000010 0.000010 0.010906
0.000010 0.044376 0.955584 0.000010 0.000010 0.000010
0.000010 0.012371 0.975253 0.000010 0.000010 0.012346
0.000010 0.023186 0.976774 0.000010 0.000010 0.000010
0.000010 0.023590 0.976370 0.000010 0.000010 0.000010
0.000010 0.019651 0.980309 0.000010 0.000010 0.000010
0.006069 0.000010 0.004454 0.158748 0.013170 0.817549
0.000010 0.030784 0.000010 0.106558 0.017407 0.845232
0.000010 0.000010 0.011064 0.122703 0.001307 0.864906
0.000010 0.002741 0.002264 0.132636 0.011897 0.850452
0.000010 0.000010 0.019729 0.121732 0.010568 0.847952
0.006597 0.012330 0.008938 0.075403 0.022298 0.874434
0.000010 0.000010 0.012707 0.126670 0.015789 0.844814
0.000010 0.007884 0.000010 0.123339 0.024484 0.844272
0.000010 0.046861 0.000010 0.065055 0.000010 0.888054
0.000010 0.009016 0.020612 0.098897 0.000010 0.871455
0.000010 0.000010 0.021614 0.088363 0.015128 0.874876
0.008858 0.000010 0.000010 0.105245 0.024419 0.861459
0.002532 0.036998 0.000010 0.084734 0.005738 0.869987
0.005995 0.000010 0.018266 0.106892 0.017856 0.850981
0.007902 0.000581 0.016185 0.097712 0.025498 0.852121
0.013268 0.002454 0.012776 0.102093 0.010387 0.859022
0.006523 0.000010 0.010941 0.121680 0.014048 0.846797
0.000010 0.003003 0.023139 0.073687 0.020465 0.879697
0.008876 0.005211 0.000010 0.014864 0.058370 0.912669
0.000010 0.004703 0.022247 0.030906 0.041775 0.900359
0.000010 0.008741 0.010582 0.113566 0.000010 0.867090
0.000010 0.025251 0.000010 0.104627 0.011988 0.858114
0.000010 0.031488 0.003964 0.113157 0.031086 0.820295
0.000010 0.000010 0.000010 0.134363 0.044795 0.820811
0.000010 0.004768 0.004006 0.093821 0.010335 0.887061
0.006054 0.000010 0.000010 0.072333 0.008605 0.912988
0.000010 0.000010 0.011477 0.100435 0.000010 0.888058
0.000010 0.000010 0.000010 0.155477 0.010642 0.833851
0.000010 0.000010 0.016023 0.130725 0.000705 0.852527
0.000010 0.000010 0.000010 0.128547 0.009490 0.861933
0.003722 0.000010 0.001404 0.068580 0.003737 0.922547
0.000010 0.000010 0.000010 0.110503 0.014406 0.875061
0.000010 0.012562 0.000010 0.110694 0.005877 0.870847
0.008867 0.000010 0.000010 0.134690 0.003098 0.853324
0.013799 0.000010 0.002797 0.102635 0.032932 0.847827
0.000010 0.000010 0.011967 0.146158 0.008660 0.833195
0.000010 0.000010 0.008853 0.091555 0.058530 0.841042
0.006103 0.000010 0.023753 0.086590 0.038392 0.845153
0.009505 0.019763 0.000010 0.066744 0.030417 0.873560
0.000010 0.001308 0.008040 0.088822 0.021192 0.880628
0.007418 0.000010 0.000010 0.127864 0.000010 0.864688
0.000010 0.000010 0.000010 0.095835 0.000010 0.904125
0.000010 0.000010 0.017334 0.087008 0.034574 0.861064
0.000010 0.000010 0.000010 0.102076 0.034062 0.863832
0.000010 0.000010 0.000010 0.163119 0.023936 0.812916
0.006530 0.032184 0.001140 0.122145 0.018913 0.819088
0.001847 0.000010 0.000010 0.163720 0.022359 0.812054
0.000010 0.000010 0.000010 0.147729 0.030356 0.821885
0.000010 0.000010 0.016339 0.089546 0.006870 0.887225
0.001282 0.025055 0.006972 0.113624 0.005497 0.847570
0.000010 0.000010 0.005475 0.157697 0.014543 0.822266
0.000010 0.030530 0.001935 0.106681 0.016078 0.844766
0.000010 0.000010 0.001955 0.069482 0.018664 0.909880
0.000010 0.009460 0.000010 0.171238 0.011664 0.807619
0.000010 0.005202 0.000010 0.129555 0.013003 0.852220
0.000010 0.003405 0.015466 0.114695 0.025529 0.840895
0.000010 0.000010 0.006670 0.117669 0.018574 0.857067
0.000010 0.000010 0.019056 0.044125 0.020872 0.915927
0.002294 0.006838 0.000010 0.095322 0.013401 0.882135
0.004154 0.003701 0.000010 0.080428 0.009060 0.902648
0.000054 0.004953 0.013550 0.120569 0.002720 0.858155
0.000010 0.000010 0.000010 0.137373 0.007937 0.854660
0.015191 0.000010 0.000010 0.161773 0.000010 0.823006
0.001720 0.007123 0.006529 0.150999 0.000010 0.833620
0.002010 0.000010 0.000010 0.137965 0.000010 0.859995
0.000010 0.005416 0.009011 0.131110 0.000010 0.854443
0.004381 0.011403 0.003822 0.118477 0.024296 0.837621
0.007130 0.000010 0.008330 0.133748 0.013887 0.836895
0.000010 0.000010 0.005419 0.200525 0.003777 0.790258
0.004018 0.005812 0.003857 0.167531 0.007583 0.811198
0.004180 0.000010 0.000010 0.351341 0.000010 0.644449
0.008076 0.004356 0.000010 0.345763 0.000010 0.641784
0.000014 0.005675 0.000014 0.297416 0.000010 0.696871
0.000010 0.000010 0.999950 0.000010 0.000010 0.000010
0.000010 0.017624 0.982336 0.000010 0.000010 0.000010
0.000010 0.000010 0.999950 0.000010 0.000010 0.000010
0.000010 0.005624 0.984822 0.000010 0.000010 0.009524
0.000010 0.000010 0.994504 0.005456 0.000010 0.000010
0.000010 0.000010 0.999950 0.000010 0.000010 0.000010
0.000010 0.009886 0.990074 0.000010 0.000010 0.000010
0.000010 0.020389 0.979571 0.000010 0.000010 0.000010
0.000010 0.013291 0.986669 0.000010 0.000010 0.000010
0.000010 0.000010 0.999950 0.000010 0.000010 0.000010
0.000010 0.014069 0.985891 0.000010 0.000010 0.000010
0.000010 0.012851 0.987109 0.000010 0.000010 0.000010
0.000010 0.000010 0.999950 0.000010 0.000010 0.000010
0.000010 0.011232 0.987855 0.000010 0.000010 0.000883
0.000010 0.000010 0.999950 0.000010 0.000010 0.000010
0.000010 0.000010 0.999950 0.000010 0.000010 0.000010
0.000010 0.000010 0.999950 0.000010 0.000010 0.000010
0.000010 0.002676 0.997284 0.000010 0.000010 0.000010
0.000010 0.000010 0.999942 0.000018 0.000010 0.000010
0.000011 0.000010 0.998791 0.000010 0.001168 0.000010
0.000010 0.001633 0.998327 0.000010 0.000010 0.000010
0.000010 0.003377 0.996583 0.000010 0.000010 0.000010
0.000010 0.028309 0.968683 0.002979 0.000010 0.000010
0.000010 0.010361 0.984859 0.000010 0.000010 0.004750
0.000514 0.035990 0.963466 0.000010 0.000010 0.000010
0.000085 0.022082 0.977804 0.000010 0.000010 0.000010
0.000010 0.041368 0.951137 0.000010 0.000010 0.007465
0.000011 0.000010 0.994530 0.005430 0.000010 0.000010
0.000010 0.037447 0.955347 0.007177 0.000010 0.000010
0.000010 0.033242 0.966718 0.000010 0.000010 0.000010
0.000010 0.018976 0.980982 0.000011 0.000010 0.000010
0.000010 0.025926 0.970407 0.000010 0.000010 0.003636
0.000010 0.029478 0.962183 0.008309 0.000010 0.000010
0.008931 0.003403 0.984975 0.000010 0.000010 0.002671
0.001412 0.020540 0.978018 0.000010 0.000010 0.000010
0.000010 0.018019 0.973164 0.004356 0.001631 0.002820
0.000010 0.038139 0.961821 0.000010 0.000010 0.000010
0.001642 0.016165 0.982163 0.000010 0.000010 0.000010
0.005163 0.031740 0.959611 0.000010 0.000010 0.003466
0.000010 0.016941 0.983019 0.000010 0.000010 0.000010
0.000010 0.025545 0.974414 0.000010 0.000010 0.000010
0.000010 0.033441 0.965958 0.000010 0.000010 0.000571
0.000010 0.010001 0.969576 0.020393 0.000010 0.000010
0.001754 0.028321 0.969890 0.000015 0.000010 0.000010
0.000010 0.030545 0.969415 0.000010 0.000010 0.000010
0.000010 0.026909 0.963674 0.009387 0.000010 0.000010
0.000010 0.049860 0.950100 0.000010 0.000010 0.000010
0.000143 0.017649 0.966854 0.000010 0.000010 0.015335
0.000010 0.018130 0.981830 0.000010 0.000010 0.000010
0.000812 0.001258 0.997738 0.000171 0.000010 0.000010
0.002695 0.007242 0.986178 0.000010 0.003865 0.000010
0.000010 0.045058 0.949066 0.000010 0.000010 0.005845
0.010522 0.018884 0.970564 0.000010 0.000010 0.000010
0.000010 0.033797 0.966163 0.000010 0.000010 0.000010
0.000010 0.033635 0.963530 0.000010 0.002805 0.000010
0.000010 0.021873 0.966749 0.011348 0.000010 0.000010
0.000010 0.020676 0.000010 0.058154 0.849356 0.071795
0.002353 0.311321 0.067417 0.060457 0.542633 0.015820
0.000010 0.000010 0.001058 0.025325 0.954317 0.019280
0.000010 0.000010 0.000010 0.049128 0.860827 0.090015
0.000010 0.000010 0.000010 0.000010 0.948266 0.051694
0.004705 0.000010 0.000010 0.029054 0.866736 0.099484
0.000010 0.000010 0.000010 0.029629 0.963914 0.006427
0.013129 0.002554 0.007080 0.020311 0.860029 0.096896
0.739424 0.000010 0.000010 0.044743 0.078827 0.136986
0.573369 0.000917 0.013053 0.000395 0.116689 0.295578
0.000754 0.000010 0.001855 0.035014 0.910857 0.051510
0.002033 0.000010 0.010858 0.007740 0.962054 0.017306
0.003385 0.006462 0.000010 0.062814 0.896567 0.030762
0.004473 0.000530 0.000010 0.022915 0.846130 0.125942
0.000010 0.001094 0.000010 0.061522 0.923805 0.013559
0.885130 0.003061 0.000010 0.004896 0.000010 0.106893
0.798103 0.006307 0.000649 0.000010 0.000010 0.194921
0.999950 0.000010 0.000010 0.000010 0.000010 0.000010
0.797955 0.000010 0.002381 0.000010 0.000010 0.199634
0.999950 0.000010 0.000010 0.000010 0.000010 0.000010
0.680890 0.016116 0.078928 0.016292 0.117813 0.089961
0.999950 0.000010 0.000010 0.000010 0.000010 0.000010
0.992303 0.000010 0.000010 0.007657 0.000010 0.000010
0.846899 0.000010 0.000010 0.001345 0.000010 0.151726
0.644287 0.024805 0.047198 0.000010 0.085099 0.198600
0.779134 0.012300 0.000010 0.042699 0.000010 0.165847
0.668398 0.003867 0.016038 0.018444 0.033830 0.259423
0.999950 0.000010 0.000010 0.000010 0.000010 0.000010
0.814920 0.000010 0.000010 0.034740 0.000010 0.150310
0.847063 0.000010 0.002787 0.000010 0.061251 0.088880
0.876961 0.000010 0.000010 0.000010 0.000010 0.122999
0.544728 0.021815 0.378188 0.018869 0.003621 0.032778
0.818592 0.000010 0.000010 0.021021 0.000010 0.160357
0.620725 0.012454 0.013538 0.008114 0.032773 0.312397
0.659331 0.000010 0.066250 0.006954 0.178262 0.089193
0.886403 0.006084 0.011073 0.000010 0.040238 0.056191
0.999950 0.000010 0.000010 0.000010 0.000010 0.000010
0.922826 0.020425 0.000010 0.022562 0.001192 0.032985
0.939394 0.000010 0.000010 0.059637 0.000010 0.000939
0.000010 0.000010 0.000010 0.028239 0.917853 0.053878
0.012333 0.000010 0.000010 0.048495 0.855625 0.083527
0.999950 0.000010 0.000010 0.000010 0.000010 0.000010
0.609606 0.003139 0.000010 0.052940 0.108605 0.225700
0.663161 0.000010 0.000010 0.082995 0.000010 0.253815
0.999950 0.000010 0.000010 0.000010 0.000010 0.000010
0.677464 0.004237 0.007620 0.009319 0.000010 0.301349
0.606899 0.000010 0.017912 0.037654 0.159130 0.178395
0.836395 0.000010 0.015507 0.000010 0.034545 0.113534
0.999950 0.000010 0.000010 0.000010 0.000010 0.000010
0.703443 0.005212 0.000010 0.023989 0.000010 0.267335
0.854218 0.000010 0.000010 0.005645 0.000010 0.140108
0.748917 0.011752 0.000010 0.009895 0.007480 0.221945
0.767622 0.013605 0.000010 0.000010 0.025603 0.193149
0.812041 0.000010 0.012066 0.000010 0.000010 0.175863
0.006241 0.000010 0.000422 0.017151 0.923690 0.052486
0.000010 0.000010 0.000010 0.000010 0.860318 0.139642
0.009035 0.002908 0.000010 0.152506 0.556842 0.278697
0.004574 0.000010 0.000010 0.045006 0.852744 0.097656
0.000557 0.017491 0.000010 0.028394 0.919052 0.034496
0.782570 0.000010 0.000010 0.084532 0.014465 0.118412
0.950639 0.027347 0.000010 0.000010 0.000010 0.021984
0.901891 0.016404 0.000010 0.000010 0.000010 0.081676
0.807964 0.005927 0.005752 0.023229 0.000010 0.157118
0.840049 0.001025 0.000010 0.017506 0.000010 0.141399
0.332490 0.019289 0.000010 0.010573 0.376530 0.261108
0.858693 0.000010 0.012512 0.035149 0.000010 0.093626
0.006606 0.014492 0.010271 0.018049 0.850039 0.100542
0.004531 0.006871 0.000010 0.073275 0.822852 0.092461
0.000231 0.000010 0.004698 0.026275 0.918612 0.050173
0.000010 0.000010 0.000010 0.035898 0.964062 0.000010
0.000010 0.000941 0.000010 0.025699 0.883009 0.090331
0.000010 0.090512 0.894666 0.014792 0.000010 0.000010
0.000010 0.025282 0.959313 0.000010 0.003103 0.012282
