0.000010 0.000010 0.000010 0.614907 0.000010 0.385053
0.000010 0.000010 0.000010 0.630110 0.000010 0.369850
0.003907 0.000010 0.000010 0.624382 0.000010 0.371680
0.000010 0.000010 0.000010 0.663606 0.000010 0.336354
0.000010 0.000010 0.000010 0.645249 0.000010 0.354711
0.000010 0.000010 0.000010 0.571626 0.000010 0.428334
0.000010 0.000010 0.000010 0.668772 0.000010 0.331188
0.000010 0.000010 0.000010 0.637339 0.000010 0.362621
0.000010 0.000010 0.000010 0.600639 0.000010 0.399321
0.000014 0.000010 0.000010 0.601040 0.000010 0.398916
0.000010 0.000010 0.000010 0.613869 0.000010 0.386091
0.000010 0.000010 0.000010 0.636601 0.000010 0.363359
0.000010 0.000010 0.000010 0.599987 0.000010 0.399973
0.000507 0.000010 0.000014 0.599076 0.000010 0.400383
0.000010 0.000010 0.000010 0.617395 0.000010 0.382565
0.000010 0.000013 0.000010 0.604761 0.000010 0.395196
0.000011 0.000010 0.000010 0.623794 0.000010 0.376166
0.000010 0.000010 0.000010 0.654667 0.000010 0.345293
0.000010 0.000010 0.000010 0.609351 0.000010 0.390609
0.000010 0.000523 0.000010 0.615555 0.000010 0.383893
0.000010 0.000020 0.000010 0.653233 0.000010 0.346717
0.000010 0.000010 0.000010 0.588670 0.000010 0.411290
0.000170 0.000010 0.000010 0.577647 0.000010 0.422153
0.000010 0.000010 0.000010 0.584334 0.000010 0.415626
0.000175 0.000012 0.000010 0.599170 0.000010 0.400622
0.000010 0.000010 0.000010 0.588191 0.000010 0.411769
0.003025 0.000010 0.000010 0.617901 0.000010 0.379044
0.000016 0.000013 0.000010 0.680854 0.000010 0.319097
0.000010 0.000010 0.000010 0.699229 0.000010 0.300731
0.000010 0.000010 0.000010 0.670183 0.000010 0.329777
0.000744 0.002638 0.000010 0.630968 0.000010 0.365630
0.000010 0.000010 0.000010 0.679319 0.000010 0.320641
0.005565 0.003136 0.000010 0.660177 0.000010 0.331102
0.000010 0.000010 0.000010 0.695412 0.000010 0.304548
0.000010 0.000010 0.000010 0.693470 0.000010 0.306490
0.000010 0.000010 0.000010 0.599225 0.000010 0.400735
0.000010 0.000010 0.000010 0.638448 0.000010 0.361512
0.000010 0.000010 0.000010 0.648031 0.000010 0.351929
0.003222 0.000010 0.000010 0.653696 0.000010 0.343052
0.001836 0.000010 0.000010 0.647754 0.000010 0.350380
0.002385 0.000010 0.000010 0.628653 0.000010 0.368932
0.000010 0.000010 0.000010 0.650027 0.000010 0.349933
0.000010 0.000010 0.000010 0.650895 0.000010 0.349065
0.002208 0.000443 0.000010 0.679398 0.000010 0.317931
0.000010 0.000010 0.000010 0.660572 0.000010 0.339388
0.000010 0.000010 0.000010 0.657563 0.000010 0.342397
0.000010 0.000010 0.000010 0.636840 0.000010 0.363120
0.000010 0.001366 0.000012 0.615160 0.000010 0.383442
0.000010 0.000010 0.000010 0.619417 0.000010 0.380543
0.000010 0.000010 0.000010 0.677028 0.000010 0.322932
0.000010 0.000010 0.000010 0.647371 0.000010 0.352589
0.000010 0.000010 0.000010 0.592904 0.000010 0.407056
0.007013 0.000010 0.000010 0.615707 0.000010 0.377249
0.000010 0.000010 0.000010 0.672758 0.000010 0.327202
0.000010 0.000010 0.000010 0.626639 0.000010 0.373321
0.003145 0.000010 0.017348 0.000010 0.000010 0.979477
0.011032 0.000010 0.000010 0.022270 0.000010 0.966668
0.000463 0.000010 0.017280 0.200839 0.000010 0.781398
0.000010 0.000010 0.027060 0.043188 0.000010 0.929723
0.003977 0.000010 0.031262 0.000010 0.000010 0.964730
0.001569 0.000026 0.022323 0.052379 0.000010 0.923693
0.005159 0.000010 0.019880 0.032334 0.000010 0.942607
0.000444 0.000010 0.028339 0.094744 0.000010 0.876453
0.006195 0.008590 0.027726 0.324830 0.001921 0.630737
0.021327 0.011960 0.006463 0.000034 0.000010 0.960206
0.007234 0.000010 0.021607 0.008062 0.000010 0.963077
0.000028 0.007518 0.022687 0.000010 0.000010 0.969747
0.013792 0.000010 0.004803 0.000010 0.000010 0.981376
0.000010 0.000010 0.022389 0.000010 0.000010 0.977571
0.000010 0.000010 0.012717 0.076923 0.000010 0.910330
0.007642 0.000010 0.013382 0.094829 0.000010 0.884128
0.000010 0.000010 0.018169 0.205369 0.000010 0.776433
0.000010 0.008323 0.000010 0.657735 0.000010 0.333912
0.000010 0.000010 0.000010 0.684691 0.000010 0.315269
0.000010 0.000010 0.000010 0.675991 0.000010 0.323969
0.000010 0.000010 0.000010 0.638547 0.000010 0.361413
0.000010 0.000010 0.000010 0.667628 0.000010 0.332332
0.000010 0.000010 0.000010 0.664952 0.000010 0.335008
0.000010 0.000010 0.000010 0.678931 0.000010 0.321029
0.000010 0.000010 0.000010 0.662127 0.000010 0.337833
0.000010 0.000010 0.000010 0.650779 0.000010 0.349181
0.000010 0.000010 0.000010 0.630953 0.000010 0.369007
0.002740 0.000932 0.000568 0.664741 0.000010 0.331009
0.000010 0.000010 0.000010 0.646407 0.000010 0.353553
0.000010 0.000010 0.000010 0.721367 0.000010 0.278593
0.000013 0.010584 0.000010 0.632579 0.000010 0.356805
0.000010 0.003938 0.003300 0.674953 0.000010 0.317789
0.000010 0.004648 0.000010 0.637964 0.000010 0.357358
0.000010 0.000010 0.000010 0.671648 0.000010 0.328312
0.000011 0.000010 0.000010 0.637539 0.000010 0.362420
0.000010 0.000010 0.000010 0.670020 0.000010 0.329940
0.000010 0.000010 0.000010 0.691170 0.000010 0.308790
0.000010 0.000010 0.000010 0.671784 0.000010 0.328176
0.000010 0.000010 0.000010 0.626703 0.000010 0.373257
0.000010 0.000010 0.000010 0.645561 0.000010 0.354399
0.000010 0.000010 0.000010 0.677181 0.000010 0.322779
0.000010 0.000010 0.000010 0.679020 0.000010 0.320940
0.000010 0.000010 0.000010 0.624563 0.000010 0.375397
0.000010 0.000010 0.000010 0.672156 0.000010 0.327804
0.000016 0.001618 0.000010 0.649210 0.000010 0.349136
0.000010 0.000013 0.000010 0.684890 0.000010 0.315067
0.000268 0.000010 0.000010 0.679824 0.000010 0.319878
0.000010 0.002781 0.000010 0.645637 0.000010 0.351552
0.000010 0.010334 0.018334 0.035073 0.000010 0.936238
0.000011 0.000010 0.025590 0.000010 0.000010 0.974369
0.002792 0.000010 0.002954 0.130919 0.000010 0.863315
0.001392 0.000010 0.021562 0.000010 0.000010 0.977016
0.000010 0.000010 0.028792 0.000010 0.000010 0.971168
0.007134 0.000010 0.022938 0.000010 0.000010 0.969899
0.000010 0.000010 0.011213 0.175806 0.000010 0.812950
0.004741 0.000010 0.010355 0.098680 0.000010 0.886204
0.000010 0.000010 0.011336 0.160684 0.000010 0.827950
0.000010 0.000010 0.023763 0.039001 0.000010 0.937207
0.002974 0.000060 0.003481 0.235361 0.000010 0.758113
0.005063 0.000010 0.000604 0.000010 0.000010 0.994303
0.000010 0.000010 0.016752 0.049139 0.000010 0.934079
0.001812 0.000010 0.012545 0.034483 0.000010 0.951140
0.000010 0.005080 0.020877 0.026089 0.000010 0.947935
0.000010 0.000306 0.015790 0.052976 0.000010 0.930907
0.000010 0.000010 0.014953 0.000010 0.000010 0.985007
0.003784 0.019684 0.005740 0.000010 0.000010 0.970772
0.005518 0.000010 0.009717 0.000010 0.000010 0.984735
0.000010 0.000689 0.007956 0.000010 0.000010 0.991325
0.000010 0.000010 0.015358 0.191785 0.000010 0.792827
0.000010 0.000010 0.033989 0.100240 0.000010 0.865741
0.000010 0.000010 0.021782 0.056745 0.000010 0.921442
0.000010 0.000010 0.001334 0.112181 0.000010 0.886455
0.004885 0.000020 0.004870 0.223510 0.000010 0.766705
0.003651 0.000010 0.022422 0.000010 0.000010 0.973897
0.014654 0.000010 0.010781 0.107676 0.000010 0.866869
0.000010 0.000010 0.000010 0.120838 0.000010 0.879122
0.000010 0.000010 0.021819 0.028743 0.000010 0.949407
0.004451 0.000010 0.023066 0.151245 0.000010 0.821218
0.010493 0.000010 0.018980 0.016679 0.000010 0.953829
0.000010 0.000010 0.026207 0.000010 0.000010 0.973753
0.004106 0.000010 0.012723 0.000010 0.000010 0.983140
0.000010 0.000010 0.019048 0.000010 0.000010 0.980912
0.000010 0.000010 0.012525 0.060304 0.000010 0.927141
0.000010 0.000010 0.014302 0.014031 0.000010 0.971637
0.009035 0.000010 0.000010 0.062060 0.000010 0.928875
0.000010 0.000010 0.007240 0.127570 0.000010 0.865161
0.009495 0.002312 0.004595 0.107890 0.000010 0.875698
0.000010 0.000010 0.013437 0.159277 0.000010 0.827255
0.012889 0.008503 0.016093 0.147905 0.000010 0.814601
0.000010 0.000010 0.001562 0.162417 0.000010 0.835991
0.000010 0.000010 0.010240 0.077354 0.000010 0.912377
0.000017 0.000010 0.024158 0.065100 0.000010 0.910705
0.002914 0.000010 0.006801 0.179459 0.000010 0.810806
0.000010 0.000010 0.003256 0.036719 0.000010 0.959995
0.000010 0.003453 0.022607 0.093132 0.000010 0.880787
0.003899 0.022375 0.006694 0.307472 0.009711 0.649850
0.005223 0.000010 0.015894 0.000010 0.000010 0.978853
0.010067 0.000010 0.009454 0.000010 0.000010 0.980449
0.000503 0.000010 0.004876 0.329526 0.000010 0.665074
0.005058 0.000010 0.026165 0.071097 0.000010 0.897661
0.009642 0.000010 0.008308 0.132443 0.000010 0.849586
0.000013 0.000010 0.013808 0.000010 0.000010 0.986150
0.005060 0.000010 0.000010 0.306009 0.000010 0.688901
0.000010 0.000010 0.016350 0.077404 0.000010 0.906215
0.000010 0.000010 0.024950 0.046060 0.000010 0.928960
0.006910 0.000010 0.002904 0.152597 0.000010 0.837569
0.004935 0.000010 0.012383 0.089689 0.000010 0.892973
0.007151 0.000010 0.005211 0.130746 0.000010 0.856872
0.002003 0.000010 0.000010 0.000010 0.000010 0.997957
0.000010 0.009642 0.004331 0.102827 0.000010 0.883180
0.004712 0.000010 0.002356 0.000010 0.000010 0.992901
0.004841 0.005585 0.012449 0.087383 0.000010 0.889732
0.002964 0.000010 0.022494 0.058441 0.000010 0.916081
0.006908 0.000010 0.000010 0.000010 0.000010 0.993052
0.007114 0.000094 0.017054 0.052363 0.000010 0.923365
0.007578 0.000010 0.025934 0.088947 0.000010 0.877521
0.004337 0.000010 0.021670 0.000010 0.000010 0.973963
0.002960 0.000010 0.006865 0.000010 0.000010 0.990145
0.011203 0.000010 0.005034 0.106713 0.000010 0.877030
0.002791 0.000010 0.017800 0.046754 0.000010 0.932635
0.000012 0.000010 0.007207 0.008506 0.000010 0.984255
0.000010 0.000010 0.000010 0.134204 0.000010 0.865756
0.004296 0.000010 0.018549 0.057127 0.000010 0.920008
0.004103 0.000010 0.006307 0.080390 0.000010 0.909181
0.000010 0.000010 0.008975 0.278264 0.000010 0.712731
0.000010 0.006272 0.001563 0.064557 0.000010 0.927588
0.007074 0.000010 0.010867 0.000010 0.000010 0.982029
0.000010 0.000010 0.011641 0.000010 0.000010 0.988319
0.000010 0.000010 0.009804 0.056546 0.000010 0.933620
0.003329 0.000010 0.996631 0.000010 0.000010 0.000010
0.000010 0.000010 0.999950 0.000010 0.000010 0.000010
0.000010 0.000010 0.999950 0.000010 0.000010 0.000010
0.000010 0.000010 0.999950 0.000010 0.000010 0.000010
0.008113 0.000010 0.991847 0.000010 0.000010 0.000010
0.002903 0.000010 0.997057 0.000010 0.000010 0.000010
0.000010 0.000010 0.999950 0.000010 0.000010 0.000010
0.000010 0.000010 0.999950 0.000010 0.000010 0.000010
0.002367 0.000010 0.997593 0.000010 0.000010 0.000010
0.000010 0.000010 0.999950 0.000010 0.000010 0.000010
0.000010 0.000010 0.999950 0.000010 0.000010 0.000010
0.006114 0.000010 0.989106 0.000010 0.000010 0.004750
0.000010 0.000010 0.999950 0.000010 0.000010 0.000010
0.003742 0.000010 0.996218 0.000010 0.000010 0.000010
0.000010 0.000010 0.999950 0.000010 0.000010 0.000010
0.000010 0.000010 0.999950 0.000010 0.000010 0.000010
0.006718 0.000010 0.993242 0.000010 0.000010 0.000010
0.008243 0.000010 0.991717 0.000010 0.000010 0.000010
0.000010 0.000010 0.999950 0.000010 0.000010 0.000010
0.007848 0.000010 0.992112 0.000010 0.000010 0.000010
0.002272 0.000010 0.997688 0.000010 0.000010 0.000010
0.005097 0.000010 0.994863 0.000010 0.000010 0.000010
0.000010 0.000010 0.999950 0.000010 0.000010 0.000010
0.000010 0.000010 0.999950 0.000010 0.000010 0.000010
0.000010 0.000010 0.999950 0.000010 0.000010 0.000010
0.003286 0.001921 0.994763 0.000010 0.000010 0.000010
0.000010 0.000010 0.999950 0.000010 0.000010 0.000010
0.002249 0.000010 0.997711 0.000010 0.000010 0.000010
0.000010 0.000010 0.999950 0.000010 0.000010 0.000010
0.001663 0.000010 0.998297 0.000010 0.000010 0.000010
0.000759 0.000010 0.999201 0.000010 0.000010 0.000010
0.000010 0.000010 0.999950 0.000010 0.000010 0.000010
0.000010 0.000010 0.999950 0.000010 0.000010 0.000010
0.001706 0.000010 0.998254 0.000010 0.000010 0.000010
0.003161 0.000010 0.996799 0.000010 0.000010 0.000010
0.004806 0.000010 0.995154 0.000010 0.000010 0.000010
0.000010 0.000010 0.999950 0.000010 0.000010 0.000010
0.005514 0.000010 0.994446 0.000010 0.000010 0.000010
0.000010 0.000010 0.999950 0.000010 0.000010 0.000010
0.001974 0.000010 0.997986 0.000010 0.000010 0.000010
0.000010 0.000010 0.999950 0.000010 0.000010 0.000010
0.000014 0.000010 0.999946 0.000010 0.000010 0.000010
0.150776 0.005621 0.008532 0.741104 0.093957 0.000010
0.217944 0.006649 0.002286 0.602325 0.170786 0.000010
0.128693 0.028624 0.000010 0.771160 0.071504 0.000010
0.000010 0.000010 0.999950 0.000010 0.000010 0.000010
0.000010 0.000010 0.999950 0.000010 0.000010 0.000010
0.005239 0.000010 0.994721 0.000010 0.000010 0.000010
0.004462 0.000010 0.995498 0.000010 0.000010 0.000010
0.000010 0.000010 0.999950 0.000010 0.000010 0.000010
0.000323 0.000010 0.999637 0.000010 0.000010 0.000010
0.000010 0.000010 0.999950 0.000010 0.000010 0.000010
0.000079 0.000010 0.999881 0.000010 0.000010 0.000010
0.000010 0.000010 0.999950 0.000010 0.000010 0.000010
0.000010 0.000010 0.999950 0.000010 0.000010 0.000010
0.010838 0.000010 0.989122 0.000010 0.000010 0.000010
0.000010 0.011259 0.988701 0.000010 0.000010 0.000010
0.018398 0.000010 0.973578 0.000010 0.000010 0.007995
0.000010 0.000010 0.999950 0.000010 0.000010 0.000010
0.000010 0.000010 0.999950 0.000010 0.000010 0.000010
0.000010 0.000010 0.999950 0.000010 0.000010 0.000010
0.000012 0.000010 0.999948 0.000010 0.000010 0.000010
0.006309 0.000010 0.993651 0.000010 0.000010 0.000010
0.000010 0.000010 0.999950 0.000010 0.000010 0.000010
0.000010 0.000010 0.999950 0.000010 0.000010 0.000010
0.000010 0.000010 0.999950 0.000010 0.000010 0.000010
0.002690 0.000010 0.997270 0.000010 0.000010 0.000010
0.000010 0.000010 0.999950 0.000010 0.000010 0.000010
0.000010 0.000010 0.999950 0.000010 0.000010 0.000010
0.005013 0.000010 0.994947 0.000010 0.000010 0.000010
0.000010 0.000010 0.999950 0.000010 0.000010 0.000010
0.003888 0.000010 0.982967 0.004321 0.007377 0.001437
0.000010 0.000010 0.999950 0.000010 0.000010 0.000010
0.000010 0.000010 0.999950 0.000010 0.000010 0.000010
0.000010 0.000010 0.999950 0.000010 0.000010 0.000010
0.000010 0.000010 0.999950 0.000010 0.000010 0.000010
0.000010 0.000010 0.999950 0.000010 0.000010 0.000010
0.002400 0.000010 0.997560 0.000010 0.000010 0.000010
0.000010 0.000010 0.999950 0.000010 0.000010 0.000010
0.000010 0.000010 0.999950 0.000010 0.000010 0.000010
0.154026 0.011401 0.018673 0.666119 0.149771 0.000010
0.160519 0.000010 0.013989 0.646313 0.166115 0.013055
0.122433 0.010741 0.010547 0.784908 0.071360 0.000010
0.171860 0.024843 0.014471 0.712440 0.076376 0.000010
0.000010 0.000010 0.999950 0.000010 0.000010 0.000010
0.000010 0.000010 0.999950 0.000010 0.000010 0.000010
0.001649 0.000010 0.998311 0.000010 0.000010 0.000010
0.000010 0.000010 0.999950 0.000010 0.000010 0.000010
0.000010 0.000010 0.999950 0.000010 0.000010 0.000010
0.000010 0.000010 0.999950 0.000010 0.000010 0.000010
0.000010 0.000010 0.999950 0.000010 0.000010 0.000010
0.000010 0.000010 0.999950 0.000010 0.000010 0.000010
0.000010 0.000010 0.999950 0.000010 0.000010 0.000010
0.000010 0.000010 0.996947 0.003013 0.000010 0.000010
0.000010 0.000010 0.999950 0.000010 0.000010 0.000010
0.000010 0.000010 0.999950 0.000010 0.000010 0.000010
0.000010 0.000010 0.999950 0.000010 0.000010 0.000010
0.000010 0.000010 0.999950 0.000010 0.000010 0.000010
0.000010 0.000010 0.999950 0.000010 0.000010 0.000010
0.000010 0.000010 0.999950 0.000010 0.000010 0.000010
0.003635 0.000010 0.996325 0.000010 0.000010 0.000010
0.004950 0.000010 0.992527 0.002493 0.000010 0.000010
0.000010 0.000010 0.997931 0.000010 0.000010 0.002029
0.000010 0.000010 0.999950 0.000010 0.000010 0.000010
0.007438 0.000010 0.992522 0.000010 0.000010 0.000010
0.000010 0.000010 0.999950 0.000010 0.000010 0.000010
0.000010 0.000010 0.999950 0.000010 0.000010 0.000010
0.000010 0.000010 0.999950 0.000010 0.000010 0.000010
0.000010 0.000010 0.999950 0.000010 0.000010 0.000010
0.000010 0.000010 0.999950 0.000010 0.000010 0.000010
0.000010 0.000010 0.999950 0.000010 0.000010 0.000010
0.000010 0.000010 0.999950 0.000010 0.000010 0.000010
0.089759 0.000010 0.012651 0.852818 0.029109 0.015654
0.145370 0.000010 0.015598 0.795190 0.043822 0.000010
0.210726 0.000010 0.000010 0.655864 0.113170 0.020220
0.128780 0.000010 0.000010 0.758051 0.057360 0.055789
0.118589 0.000010 0.000010 0.755636 0.081460 0.044296
0.055184 0.000010 0.000010 0.713079 0.042891 0.188827
0.159398 0.000010 0.016756 0.707273 0.116552 0.000010
0.070053 0.000010 0.000010 0.847119 0.065046 0.017762
0.233477 0.000010 0.014894 0.676803 0.074806 0.000010
0.000010 0.014328 0.985632 0.000010 0.000010 0.000010
0.000010 0.000010 0.999950 0.000010 0.000010 0.000010
0.000010 0.000010 0.996771 0.000010 0.000010 0.003189
0.002354 0.000010 0.997606 0.000010 0.000010 0.000010
0.000010 0.015470 0.984490 0.000010 0.000010 0.000010
0.000010 0.000010 0.999950 0.000010 0.000010 0.000010
0.000010 0.000010 0.999950 0.000010 0.000010 0.000010
0.000010 0.010167 0.989793 0.000010 0.000010 0.000010
0.000010 0.000010 0.999950 0.000010 0.000010 0.000010
0.000010 0.010716 0.989244 0.000010 0.000010 0.000010
0.000010 0.000010 0.999950 0.000010 0.000010 0.000010
0.000010 0.007955 0.992005 0.000010 0.000010 0.000010
0.000010 0.005043 0.994917 0.000010 0.000010 0.000010
0.000010 0.000010 0.999950 0.000010 0.000010 0.000010
0.000010 0.000036 0.999924 0.000010 0.000010 0.000010
0.096381 0.000010 0.004602 0.768021 0.078536 0.052450
0.144291 0.000010 0.009937 0.709086 0.113467 0.023209
0.136113 0.000010 0.012513 0.609383 0.215130 0.026852
0.197184 0.017916 0.011235 0.544807 0.198093 0.030766
0.196342 0.004389 0.004727 0.565859 0.228673 0.000010
0.175672 0.000010 0.006164 0.750735 0.067408 0.000010
0.112664 0.000010 0.006757 0.738638 0.118875 0.023056
0.157162 0.000010 0.006688 0.650263 0.121044 0.064833
0.115066 0.000010 0.028260 0.730193 0.094749 0.031721
0.149929 0.000010 0.008065 0.775630 0.066356 0.000010
0.135209 0.011411 0.004808 0.500620 0.347943 0.000010
0.128425 0.000010 0.013389 0.694253 0.163913 0.000010
0.132865 0.000010 0.018945 0.709277 0.066280 0.072623
0.157617 0.000010 0.006671 0.756471 0.074761 0.004470
0.165308 0.008156 0.009147 0.738959 0.074767 0.003662
0.166598 0.000879 0.010054 0.765496 0.052600 0.004373
0.162992 0.000010 0.000010 0.760250 0.076728 0.000010
0.165356 0.021058 0.005262 0.740265 0.068049 0.000010
0.063295 0.010479 0.008022 0.780346 0.092521 0.045337
0.184650 0.021064 0.013073 0.587121 0.194082 0.000010
0.131368 0.013479 0.023011 0.665110 0.167022 0.000010
0.225815 0.005779 0.000229 0.679980 0.088187 0.000010
0.152303 0.003150 0.013133 0.624232 0.207172 0.000010
0.184293 0.000017 0.000325 0.713483 0.101872 0.000010
0.142506 0.021303 0.011604 0.684319 0.117162 0.023106
0.201492 0.013376 0.000010 0.661060 0.124053 0.000010
0.125246 0.013345 0.006216 0.623396 0.185737 0.046059
0.146211 0.008194 0.012436 0.677520 0.145455 0.010183
0.147499 0.016012 0.007637 0.578590 0.249338 0.000923
0.138085 0.000010 0.009929 0.675859 0.134290 0.041826
0.141767 0.000010 0.018262 0.724757 0.105154 0.010050
0.158547 0.000010 0.003088 0.730242 0.096458 0.011656
0.147085 0.000010 0.007404 0.749873 0.095619 0.000010
0.175627 0.000010 0.005826 0.678118 0.140409 0.000010
0.132465 0.000010 0.000010 0.658244 0.166562 0.042710
0.126923 0.011743 0.014841 0.752838 0.093645 0.000010
0.085801 0.000010 0.007394 0.758132 0.085658 0.063005
0.119759 0.000010 0.006255 0.646406 0.215993 0.011576
0.147264 0.004864 0.006549 0.670196 0.128745 0.042383
0.150633 0.000010 0.008446 0.690300 0.119194 0.031417
0.083305 0.006571 0.000032 0.830437 0.019992 0.059663
0.295937 0.003169 0.007570 0.686165 0.007150 0.000010
0.138492 0.001680 0.016832 0.813680 0.026055 0.003262
0.312911 0.020093 0.000010 0.572292 0.037947 0.056747
0.236158 0.000010 0.000010 0.653559 0.067883 0.042380
0.305096 0.006201 0.012760 0.492283 0.132622 0.051037
0.262933 0.000010 0.020812 0.631818 0.084417 0.000010
0.261881 0.018282 0.000010 0.630865 0.059727 0.029235
0.265951 0.000010 0.015288 0.652785 0.065955 0.000010
0.173610 0.009171 0.007219 0.794597 0.015392 0.000010
0.243661 0.000010 0.007728 0.602760 0.117855 0.027986
0.288007 0.000010 0.011686 0.589602 0.087139 0.023555
0.349046 0.003673 0.018236 0.590180 0.018342 0.020522
0.302086 0.000010 0.000010 0.482830 0.179391 0.035673
0.289077 0.011215 0.005648 0.642289 0.035673 0.016097
0.369083 0.016826 0.007272 0.427591 0.179217 0.000010
0.271569 0.000010 0.000010 0.633170 0.055132 0.040110
0.451357 0.012713 0.008393 0.429266 0.098261 0.000010
0.174589 0.000010 0.008021 0.650449 0.166920 0.000010
0.168922 0.027086 0.006233 0.701316 0.091099 0.005344
0.123132 0.000010 0.014507 0.762926 0.090768 0.008657
0.141671 0.016021 0.000010 0.537058 0.227414 0.077827
0.072481 0.033387 0.004604 0.867711 0.021808 0.000010
0.172254 0.009258 0.008680 0.674725 0.125892 0.009191
0.155649 0.000010 0.008383 0.597434 0.202745 0.035780
0.069382 0.000010 0.008420 0.829565 0.064264 0.028359
0.122638 0.000010 0.012337 0.787870 0.059972 0.017174
0.181263 0.000010 0.012086 0.690309 0.095712 0.020620
0.191037 0.010780 0.024957 0.697245 0.075972 0.000010
0.148218 0.007650 0.015011 0.682267 0.145427 0.001427
0.174052 0.000010 0.006168 0.678362 0.114694 0.026714
0.243411 0.000010 0.001361 0.520120 0.210467 0.024631
0.206378 0.003147 0.026780 0.554769 0.208916 0.000010
0.217221 0.003123 0.014999 0.610143 0.154503 0.000010
0.196189 0.009087 0.015972 0.674369 0.090982 0.013401
0.161641 0.005825 0.000297 0.769867 0.062360 0.000010
0.153557 0.000010 0.012708 0.651795 0.181921 0.000010
0.101484 0.000650 0.010603 0.833224 0.039478 0.014560
0.119424 0.015676 0.022692 0.746526 0.095672 0.000010
0.129541 0.000010 0.006392 0.728878 0.113137 0.022042
0.184018 0.000010 0.014742 0.608635 0.185733 0.006862
0.110649 0.023928 0.011464 0.740667 0.113283 0.000010
0.319061 0.003380 0.017086 0.572056 0.064069 0.024348
0.263478 0.000010 0.013368 0.661196 0.019977 0.041972
0.263674 0.000010 0.014549 0.666518 0.035319 0.019931
0.281922 0.000010 0.021607 0.516645 0.179805 0.000010
0.191210 0.000010 0.000010 0.775171 0.002261 0.031338
0.310051 0.012686 0.004824 0.609548 0.013992 0.048900
0.118619 0.000010 0.016652 0.813991 0.025395 0.025333
0.319774 0.015651 0.012830 0.531978 0.119757 0.000010
0.287545 0.009457 0.000010 0.628789 0.066200 0.007999
0.271990 0.000010 0.000010 0.645655 0.074000 0.008335
0.308968 0.006977 0.003075 0.454385 0.182692 0.043904
0.370713 0.000292 0.013560 0.598872 0.006512 0.010052
0.288289 0.001732 0.012760 0.684419 0.012790 0.000010
0.262131 0.000010 0.009941 0.703402 0.024507 0.000010
0.235538 0.011514 0.000010 0.686104 0.066824 0.000010
0.142621 0.000010 0.011027 0.604712 0.238625 0.003005
0.192273 0.014589 0.017462 0.649819 0.125847 0.000010
0.174235 0.011531 0.026332 0.634600 0.117696 0.035606
0.194652 0.000010 0.005945 0.645952 0.148857 0.004584
0.161329 0.000010 0.007562 0.599276 0.231812 0.000010
0.095542 0.015543 0.009168 0.763642 0.079717 0.036388
0.154405 0.000010 0.006166 0.709258 0.130151 0.000010
0.172184 0.001389 0.007206 0.706100 0.113111 0.000010
0.105577 0.004173 0.000010 0.717599 0.134397 0.038244
0.201864 0.000010 0.000572 0.699904 0.097640 0.000010
0.000014 0.006858 0.000010 0.651658 0.000010 0.341449
0.601027 0.006902 0.012903 0.354860 0.000010 0.024297
0.231408 0.000010 0.010767 0.402242 0.346789 0.008784
0.409930 0.013057 0.000010 0.490629 0.026113 0.060261
0.223393 0.000010 0.019142 0.670837 0.052505 0.034113
0.406486 0.024490 0.003998 0.531059 0.033958 0.000010
0.402107 0.012776 0.000768 0.513800 0.070540 0.000010
0.303463 0.000010 0.011220 0.633904 0.017850 0.033554
0.206436 0.000010 0.003332 0.749562 0.029183 0.011477
0.178566 0.000010 0.005721 0.776667 0.014100 0.024936
0.326204 0.029224 0.003093 0.566234 0.046043 0.029202
0.271942 0.000010 0.033629 0.633605 0.013462 0.047351
0.251045 0.012816 0.000010 0.668587 0.044351 0.023192
0.246304 0.016521 0.004658 0.669996 0.060709 0.001811
0.231245 0.000010 0.012303 0.554493 0.154461 0.047488
0.322018 0.000010 0.022995 0.449970 0.161459 0.043549
0.282099 0.016361 0.004256 0.506009 0.143431 0.047844
0.262918 0.000010 0.017906 0.575282 0.114191 0.029692
0.524137 0.011982 0.005012 0.338570 0.120288 0.000010
0.327699 0.000010 0.006823 0.616908 0.033833 0.014727
0.278416 0.000010 0.004422 0.706289 0.010853 0.000010
0.318679 0.000010 0.002653 0.494055 0.139087 0.045517
0.300465 0.008573 0.011496 0.576819 0.102636 0.000010
0.391489 0.001363 0.025671 0.542405 0.039062 0.000010
0.255398 0.000010 0.000010 0.699194 0.030456 0.014932
0.240313 0.000010 0.014974 0.684911 0.051816 0.007977
0.136292 0.016646 0.010958 0.777423 0.055417 0.003264
0.320173 0.000010 0.007253 0.389808 0.282746 0.000010
0.169835 0.000010 0.020638 0.624087 0.158250 0.027179
0.149384 0.018158 0.013494 0.598898 0.195812 0.024253
0.139693 0.000010 0.012117 0.770274 0.077895 0.000010
0.202255 0.013014 0.016763 0.600061 0.167347 0.000559
0.176589 0.000010 0.002162 0.632582 0.183066 0.005591
0.192983 0.010843 0.016599 0.613329 0.166235 0.000010
0.176903 0.000010 0.015011 0.600900 0.176033 0.031143
0.117609 0.010758 0.010719 0.752674 0.097903 0.010336
0.231359 0.000010 0.006802 0.679982 0.081837 0.000010
0.196422 0.006441 0.017870 0.646173 0.133083 0.000010
0.178025 0.010500 0.012603 0.610727 0.120788 0.067357
0.279915 0.012239 0.007900 0.581846 0.118091 0.000010
0.243492 0.000010 0.017430 0.704323 0.028356 0.006389
0.531451 0.000010 0.008808 0.392389 0.043456 0.023885
0.121313 0.000010 0.017368 0.824479 0.011542 0.025288
0.246204 0.000010 0.000010 0.526410 0.179380 0.047986
0.400342 0.014935 0.016367 0.508437 0.020458 0.039461
0.559308 0.015043 0.000010 0.366561 0.042196 0.016882
0.285162 0.009336 0.019880 0.599625 0.085986 0.000010
0.263144 0.024855 0.015507 0.594402 0.074492 0.027600
0.399771 0.000010 0.014279 0.555522 0.030408 0.000010
0.401937 0.000010 0.014319 0.536592 0.047132 0.000010
0.438187 0.005014 0.000010 0.504165 0.033038 0.019586
0.394954 0.015237 0.000010 0.425024 0.164765 0.000010
0.324624 0.000010 0.014961 0.364148 0.285223 0.011034
0.325846 0.000010 0.005082 0.465155 0.190470 0.013438
0.211322 0.000010 0.009031 0.770048 0.009578 0.000010
0.196714 0.010081 0.010294 0.767214 0.015687 0.000010
0.171287 0.000010 0.000010 0.757015 0.023942 0.047736
0.156635 0.000010 0.000010 0.820215 0.023120 0.000010
0.283241 0.019087 0.014602 0.327957 0.340186 0.014928
0.351380 0.002291 0.016593 0.596842 0.032884 0.000010
0.143320 0.001018 0.001203 0.640464 0.146075 0.067920
0.134809 0.012495 0.004605 0.828008 0.014939 0.005144
0.184272 0.013522 0.007364 0.777176 0.016049 0.001617
0.220585 0.001226 0.012114 0.738409 0.027657 0.000010
0.427805 0.000010 0.016497 0.444096 0.102731 0.008861
0.375378 0.003110 0.021242 0.451896 0.121339 0.027035
0.364293 0.000010 0.008772 0.559201 0.067576 0.000148
0.363662 0.000010 0.011621 0.576186 0.048511 0.000010
0.000010 0.000010 0.011548 0.878455 0.016426 0.093551
0.000010 0.000010 0.000010 0.838501 0.022775 0.138694
0.000010 0.000010 0.011090 0.872179 0.009588 0.107123
0.004155 0.000010 0.010612 0.897780 0.017028 0.070415
0.000010 0.012804 0.005454 0.868190 0.013214 0.100328
0.003424 0.009544 0.000010 0.884293 0.009191 0.093538
0.000010 0.004992 0.000010 0.895316 0.019793 0.079879
0.007792 0.002895 0.000010 0.894871 0.007877 0.086556
0.000010 0.000010 0.000010 0.874640 0.000505 0.124826
0.000010 0.000010 0.000010 0.884458 0.006345 0.109167
0.000010 0.000010 0.000010 0.867068 0.000010 0.132892
0.000010 0.000010 0.000010 0.892694 0.000010 0.107266
0.000010 0.000010 0.000010 0.890532 0.000010 0.109428
0.000010 0.000010 0.000338 0.858033 0.000010 0.141599
0.000010 0.000010 0.000010 0.862445 0.000010 0.137515
0.006278 0.000010 0.000010 0.867916 0.000010 0.125776
0.000010 0.013716 0.002602 0.913520 0.012286 0.057866
0.000010 0.000010 0.005466 0.888784 0.020213 0.085517
0.000010 0.000010 0.010784 0.863796 0.022203 0.103197
0.000010 0.000010 0.000010 0.907667 0.022356 0.069947
0.000010 0.001515 0.020818 0.891782 0.014495 0.071380
0.000010 0.012813 0.000010 0.890796 0.014639 0.081732
0.000010 0.000010 0.006418 0.852875 0.005813 0.134874
0.000010 0.000010 0.009352 0.841071 0.010678 0.138879
0.236442 0.000010 0.011076 0.699511 0.052951 0.000010
0.240136 0.000010 0.015251 0.347649 0.378799 0.018155
0.320484 0.005515 0.035167 0.422493 0.216331 0.000010
0.724009 0.000010 0.000649 0.261992 0.000010 0.013329
0.484451 0.000010 0.011767 0.449309 0.009583 0.044881
0.684403 0.000010 0.005598 0.285910 0.000010 0.024069
0.999950 0.000010 0.000010 0.000010 0.000010 0.000010
0.451302 0.018479 0.000010 0.448335 0.062200 0.019674
0.631747 0.000010 0.001954 0.319217 0.000010 0.047063
0.002934 0.725065 0.009636 0.160042 0.000010 0.102314
0.011757 0.711163 0.004664 0.185778 0.000010 0.086628
0.010688 0.702498 0.000010 0.189646 0.000010 0.097148
0.000010 0.657233 0.000369 0.259523 0.000010 0.082855
0.000010 0.000025 0.994422 0.003814 0.000010 0.001719
0.000010 0.042233 0.957727 0.000010 0.000010 0.000010
0.000010 0.018716 0.975867 0.005386 0.000010 0.000010
0.003720 0.022163 0.974087 0.000010 0.000010 0.000010
0.000010 0.032341 0.967619 0.000010 0.000010 0.000010
0.000010 0.019328 0.980632 0.000010 0.000010 0.000010
0.009306 0.000010 0.005879 0.885240 0.013548 0.086017
0.000010 0.008004 0.000010 0.856281 0.015533 0.120162
0.000010 0.000010 0.000010 0.869975 0.008383 0.121612
0.000010 0.000010 0.000010 0.838789 0.014493 0.146688
0.004184 0.010335 0.006360 0.841798 0.008241 0.129082
0.006269 0.000010 0.000010 0.905475 0.019876 0.068360
0.000010 0.004379 0.000010 0.879354 0.012593 0.103654
0.000632 0.000010 0.017091 0.903549 0.017266 0.061452
0.000010 0.024389 0.000354 0.868531 0.004523 0.102193
0.000010 0.004611 0.003609 0.852652 0.009512 0.129606
0.001261 0.000010 0.015825 0.881387 0.011100 0.090416
0.017525 0.000010 0.009239 0.870749 0.005597 0.096880
0.000010 0.000010 0.005467 0.875284 0.011043 0.108186
0.004469 0.000010 0.008225 0.890729 0.013964 0.082603
0.000010 0.000010 0.004594 0.864859 0.020732 0.109795
0.007404 0.000010 0.002266 0.912650 0.018376 0.059294
0.006279 0.000010 0.000010 0.883229 0.015153 0.095319
0.008496 0.000010 0.015415 0.918308 0.016318 0.041453
0.002268 0.006944 0.002981 0.866841 0.050703 0.070263
0.000010 0.009576 0.021222 0.922858 0.035815 0.010519
0.006043 0.000010 0.000010 0.923868 0.000010 0.070059
0.000010 0.014916 0.000010 0.885626 0.009299 0.090139
0.000852 0.004877 0.005279 0.828637 0.026792 0.133562
0.000010 0.000010 0.001298 0.857717 0.045066 0.095899
0.000010 0.000010 0.007314 0.900428 0.011739 0.080499
0.009245 0.000885 0.000010 0.839560 0.006929 0.143371
0.000010 0.000010 0.003412 0.875469 0.000010 0.121089
0.000974 0.020475 0.000010 0.917105 0.000010 0.061426
0.000010 0.000010 0.000010 0.919384 0.000010 0.080576
0.000010 0.007152 0.004015 0.929693 0.001371 0.057759
0.006761 0.000010 0.005508 0.893769 0.008367 0.085585
0.000134 0.000010 0.000010 0.858761 0.009374 0.131711
0.000010 0.007663 0.000010 0.905560 0.000010 0.086746
0.000701 0.000010 0.000873 0.848679 0.003367 0.146369
0.005277 0.000010 0.000010 0.857163 0.022519 0.115021
0.003241 0.000010 0.004280 0.825810 0.010409 0.156250
0.000475 0.005966 0.000010 0.873049 0.051507 0.068993
0.005482 0.006758 0.006242 0.852141 0.040707 0.088670
0.001964 0.013372 0.000010 0.850375 0.022869 0.111410
0.002390 0.005009 0.003279 0.921254 0.016084 0.051983
0.000010 0.000010 0.000010 0.898108 0.000010 0.101852
0.000010 0.000010 0.000010 0.914940 0.000010 0.085020
0.005920 0.000010 0.009246 0.844385 0.026318 0.114120
0.000010 0.000010 0.014880 0.861676 0.016102 0.107323
0.003990 0.000010 0.000010 0.854498 0.012955 0.128536
0.000010 0.010106 0.000892 0.813282 0.018313 0.157397
0.002067 0.000010 0.003542 0.848889 0.021871 0.123622
0.000010 0.002094 0.007224 0.856882 0.016419 0.117371
0.001567 0.000010 0.003432 0.938786 0.000010 0.056195
0.003994 0.000993 0.000010 0.894932 0.009141 0.090929
0.000010 0.000010 0.011701 0.904886 0.016696 0.066698
0.000010 0.018663 0.005422 0.911628 0.018216 0.046062
0.000010 0.006329 0.000010 0.902739 0.006934 0.083978
0.000010 0.002244 0.000010 0.811794 0.005882 0.180060
0.006039 0.003738 0.000010 0.914112 0.014330 0.061771
0.006079 0.000010 0.005393 0.868365 0.024566 0.095586
0.007516 0.000010 0.000010 0.889009 0.016542 0.086913
0.000010 0.004553 0.012198 0.897091 0.021823 0.064325
0.005150 0.000010 0.001762 0.883789 0.009131 0.100159
0.000010 0.000010 0.000010 0.898382 0.006637 0.094951
0.000010 0.007597 0.005019 0.896179 0.004826 0.086368
0.000010 0.000010 0.000010 0.865962 0.005096 0.128912
0.000010 0.014516 0.004570 0.831352 0.000937 0.148615
0.000010 0.000010 0.003715 0.849814 0.003721 0.142730
0.000010 0.000010 0.000010 0.845980 0.000010 0.153980
0.001575 0.000010 0.007564 0.852508 0.009371 0.128971
0.001017 0.000010 0.000010 0.872194 0.014950 0.111818
0.000010 0.000010 0.005106 0.893911 0.013883 0.087080
0.000010 0.001280 0.000010 0.819157 0.005701 0.173842
0.000013 0.010402 0.000010 0.821038 0.000010 0.168528
0.000011 0.000010 0.000010 0.637628 0.000010 0.362331
0.000010 0.007308 0.000010 0.669173 0.000010 0.323489
0.000010 0.000506 0.000010 0.657907 0.000010 0.341557
0.000010 0.000016 0.999944 0.000010 0.000010 0.000010
0.000010 0.016480 0.983480 0.000010 0.000010 0.000010
0.000010 0.001181 0.998779 0.000010 0.000010 0.000010
0.000010 0.006114 0.993846 0.000010 0.000010 0.000010
0.011777 0.000010 0.988183 0.000010 0.000010 0.000010
0.000010 0.000010 0.999950 0.000010 0.000010 0.000010
0.000010 0.000010 0.999950 0.000010 0.000010 0.000010
0.000010 0.009593 0.990367 0.000010 0.000010 0.000010
0.000010 0.004101 0.995859 0.000010 0.000010 0.000010
0.000010 0.000010 0.999950 0.000010 0.000010 0.000010
0.000010 0.000010 0.999950 0.000010 0.000010 0.000010
0.000010 0.000010 0.999950 0.000010 0.000010 0.000010
0.000010 0.000197 0.999763 0.000010 0.000010 0.000010
0.000010 0.009884 0.990069 0.000016 0.000010 0.000010
0.000010 0.000010 0.999950 0.000010 0.000010 0.000010
0.000010 0.009030 0.990930 0.000010 0.000010 0.000010
0.000010 0.000010 0.999950 0.000010 0.000010 0.000010
0.000010 0.007143 0.992817 0.000010 0.000010 0.000010
0.000010 0.007299 0.992661 0.000010 0.000010 0.000010
0.000010 0.000018 0.996979 0.002974 0.000010 0.000010
0.000010 0.000010 0.999950 0.000010 0.000010 0.000010
0.000010 0.002110 0.997445 0.000010 0.000010 0.000414
0.000010 0.024806 0.975154 0.000010 0.000010 0.000010
0.000010 0.031060 0.968900 0.000010 0.000010 0.000010
0.000010 0.011154 0.985330 0.003486 0.000010 0.000010
0.000010 0.016006 0.983947 0.000016 0.000010 0.000010
0.006738 0.024218 0.969014 0.000010 0.000010 0.000010
0.000010 0.024183 0.973314 0.002474 0.000010 0.000010
0.000010 0.036724 0.963236 0.000010 0.000010 0.000010
0.000010 0.026947 0.973013 0.000010 0.000010 0.000010
0.000010 0.022958 0.977002 0.000010 0.000010 0.000010
0.000010 0.033394 0.966566 0.000010 0.000010 0.000010
0.000010 0.027322 0.966906 0.005742 0.000010 0.000010
0.000010 0.008544 0.991416 0.000010 0.000010 0.000010
0.000010 0.029915 0.970045 0.000010 0.000010 0.000010
0.000010 0.029768 0.970190 0.000011 0.000010 0.000010
0.000010 0.033404 0.966556 0.000010 0.000010 0.000010
0.000010 0.028204 0.971756 0.000010 0.000010 0.000010
0.000010 0.022643 0.974311 0.000010 0.000010 0.003016
0.000010 0.020481 0.979479 0.000010 0.000010 0.000010
0.000010 0.017593 0.982367 0.000010 0.000010 0.000010
0.000023 0.024130 0.969445 0.000368 0.000010 0.006025
0.000010 0.034877 0.962824 0.000010 0.000010 0.002270
0.000010 0.017654 0.982306 0.000010 0.000010 0.000010
0.000010 0.027019 0.972941 0.000010 0.000010 0.000010
0.000010 0.013567 0.985520 0.000010 0.000010 0.000883
0.000010 0.027723 0.967671 0.004576 0.000010 0.000010
0.000010 0.025297 0.966990 0.007684 0.000010 0.000010
0.000010 0.032246 0.967714 0.000010 0.000010 0.000010
0.000010 0.010549 0.987275 0.000010 0.000010 0.002146
0.000010 0.009862 0.982063 0.000010 0.000010 0.008045
0.000010 0.044718 0.955242 0.000010 0.000010 0.000010
0.006064 0.014264 0.974992 0.001165 0.000010 0.003505
0.000010 0.017297 0.981395 0.000010 0.000010 0.001278
0.000010 0.027478 0.972482 0.000010 0.000010 0.000010
0.000010 0.017055 0.969963 0.012952 0.000010 0.000010
0.000878 0.012551 0.005654 0.057109 0.844684 0.079124
0.000488 0.321012 0.056142 0.029885 0.551502 0.040972
0.006173 0.000010 0.010346 0.000010 0.962858 0.020603
0.004006 0.000010 0.000010 0.083980 0.858273 0.053721
0.002705 0.000010 0.000010 0.040887 0.938322 0.018066
0.000010 0.000010 0.000010 0.071093 0.879572 0.049306
0.000011 0.000010 0.000010 0.023637 0.963617 0.012715
0.012120 0.000010 0.000010 0.109918 0.869297 0.008646
0.744665 0.000010 0.000010 0.162726 0.078708 0.013880
0.588619 0.000010 0.000010 0.299961 0.111390 0.000010
0.000010 0.000010 0.008464 0.046052 0.902668 0.042797
0.005110 0.004587 0.000010 0.008261 0.960933 0.021098
0.001034 0.010302 0.000010 0.058895 0.909614 0.020145
0.000010 0.014520 0.000010 0.105434 0.844161 0.035864
0.000010 0.010546 0.002347 0.042634 0.916479 0.027984
0.903804 0.000010 0.000010 0.054350 0.000010 0.041817
0.811019 0.006184 0.000010 0.178495 0.000010 0.004281
0.999950 0.000010 0.000010 0.000010 0.000010 0.000010
0.780334 0.000010 0.003256 0.191318 0.000010 0.025072
0.999950 0.000010 0.000010 0.000010 0.000010 0.000010
0.711471 0.000010 0.056664 0.082293 0.116218 0.033344
0.999950 0.000010 0.000010 0.000010 0.000010 0.000010
0.999950 0.000010 0.000010 0.000010 0.000010 0.000010
0.853178 0.000010 0.000010 0.146782 0.000010 0.000010
0.654890 0.000010 0.058686 0.177876 0.094279 0.014259
0.766482 0.000010 0.000010 0.180976 0.000010 0.052512
0.686796 0.000010 0.008154 0.254892 0.034105 0.016044
0.999944 0.000010 0.000016 0.000010 0.000010 0.000010
0.817878 0.000010 0.000010 0.156747 0.000010 0.025345
0.847657 0.000010 0.010180 0.064821 0.063194 0.014138
0.882559 0.000010 0.000010 0.117401 0.000010 0.000010
0.548024 0.000010 0.379095 0.068408 0.000010 0.004454
0.818550 0.001765 0.000010 0.145069 0.000010 0.034596
0.634795 0.003173 0.025941 0.315060 0.021021 0.000010
0.670337 0.001356 0.051382 0.070014 0.173046 0.033865
0.882411 0.000010 0.004721 0.061393 0.051455 0.000010
0.999950 0.000010 0.000010 0.000010 0.000010 0.000010
0.938541 0.009916 0.000010 0.051513 0.000010 0.000010
0.961930 0.000010 0.000010 0.000019 0.000010 0.038021
0.000010 0.000010 0.000010 0.042690 0.918640 0.038640
0.000015 0.011411 0.000010 0.077686 0.851356 0.059522
0.999949 0.000010 0.000010 0.000011 0.000010 0.000010
0.633220 0.009584 0.004776 0.248119 0.084628 0.019672
0.665383 0.000010 0.000010 0.261053 0.000010 0.073534
0.999950 0.000010 0.000010 0.000010 0.000010 0.000010
0.696478 0.000010 0.005421 0.252187 0.000010 0.045893
0.600971 0.000010 0.002670 0.200894 0.162426 0.033029
0.853909 0.000010 0.001517 0.080370 0.028059 0.036134
0.999950 0.000010 0.000010 0.000010 0.000010 0.000010
0.713890 0.002976 0.000010 0.256162 0.000010 0.026953
0.829839 0.000010 0.000010 0.170121 0.000010 0.000010
0.752085 0.007458 0.000010 0.215054 0.000010 0.025384
0.759708 0.000010 0.000010 0.214617 0.025645 0.000010
0.829965 0.000010 0.000010 0.169995 0.000010 0.000010
0.001957 0.006037 0.000010 0.065656 0.908226 0.018115
0.000010 0.000010 0.003844 0.117617 0.860270 0.018249
0.000010 0.000010 0.000010 0.277420 0.580193 0.142357
0.009802 0.000353 0.000010 0.104654 0.842579 0.042602
0.003085 0.007505 0.002760 0.058413 0.922399 0.005837
0.774977 0.013225 0.000010 0.180248 0.009665 0.021875
0.952858 0.000010 0.000010 0.010530 0.000010 0.036582
0.914163 0.000010 0.000010 0.062226 0.000010 0.023582
0.819068 0.011195 0.000010 0.133801 0.000010 0.035916
0.862565 0.001246 0.000010 0.136159 0.000010 0.000010
0.343582 0.004193 0.000010 0.264673 0.384616 0.002926
0.881142 0.000246 0.000010 0.117508 0.000010 0.001084
0.004933 0.000010 0.000010 0.123021 0.842687 0.029340
0.000010 0.008226 0.000010 0.106610 0.834894 0.050250
0.000010 0.000010 0.000010 0.063519 0.928257 0.008194
0.000010 0.001748 0.012209 0.000010 0.962897 0.023125
0.000010 0.014899 0.000010 0.110840 0.866754 0.007488
0.002001 0.102730 0.885586 0.008205 0.000010 0.001469
0.000010 0.028387 0.956452 0.014064 0.001077 0.000010
