0.000010 0.000010 0.000011 0.609810 0.000010 0.390149
0.003993 0.037425 0.000010 0.598747 0.000010 0.359815
0.000010 0.000010 0.000010 0.614989 0.000010 0.384971
0.007559 0.013846 0.000010 0.610544 0.000010 0.368031
0.007263 0.000010 0.000010 0.645933 0.000010 0.346774
0.014599 0.009470 0.000010 0.570402 0.000010 0.405509
0.000010 0.002826 0.000010 0.622373 0.000010 0.374771
0.000010 0.003266 0.000010 0.623948 0.000010 0.372756
0.000010 0.004684 0.000010 0.575146 0.000010 0.420140
0.001593 0.000010 0.000010 0.597810 0.000010 0.400567
0.000010 0.000010 0.000011 0.613594 0.000010 0.386365
0.000010 0.000010 0.000010 0.600355 0.000010 0.399605
0.000010 0.000010 0.000010 0.620816 0.000010 0.379144
0.000010 0.000015 0.000010 0.628173 0.000010 0.371781
0.000010 0.000010 0.000010 0.614242 0.000010 0.385718
0.000010 0.000010 0.000010 0.599273 0.000010 0.400687
0.000010 0.000010 0.000010 0.619094 0.000010 0.380866
0.000010 0.004908 0.000010 0.590971 0.000010 0.404090
0.000010 0.000010 0.001120 0.546740 0.000010 0.452110
0.000010 0.000010 0.000010 0.621605 0.000010 0.378355
0.001463 0.000010 0.003053 0.627569 0.000010 0.367895
0.000010 0.011568 0.000010 0.703572 0.000010 0.284831
0.002452 0.000010 0.002168 0.592486 0.000010 0.402873
0.000010 0.000010 0.000010 0.563859 0.000010 0.436101
0.000010 0.000010 0.000010 0.619886 0.000010 0.380074
0.000010 0.013053 0.000010 0.553737 0.000010 0.433180
0.000010 0.000010 0.000010 0.567802 0.000010 0.432158
0.013015 0.007034 0.000010 0.637224 0.000010 0.342707
0.000010 0.000010 0.000010 0.659487 0.000010 0.340473
0.000010 0.003990 0.000010 0.652111 0.000010 0.343870
0.000010 0.009771 0.000010 0.590494 0.000010 0.399705
0.000010 0.021606 0.000010 0.674064 0.000010 0.304300
0.000010 0.000010 0.000010 0.626481 0.000010 0.373479
0.000011 0.002083 0.007039 0.645610 0.000010 0.345247
0.000010 0.004721 0.000010 0.660903 0.000010 0.334346
0.000010 0.007195 0.000010 0.589924 0.000010 0.402851
0.000970 0.000010 0.000010 0.632174 0.000010 0.366827
0.000010 0.000010 0.000010 0.611230 0.000010 0.388730
0.002108 0.000010 0.000010 0.632799 0.000010 0.365063
0.000010 0.000010 0.000010 0.644443 0.000010 0.355517
0.000010 0.004916 0.000010 0.596882 0.000010 0.398172
0.000010 0.000160 0.000010 0.648961 0.000010 0.350849
0.000010 0.000010 0.000010 0.674867 0.000010 0.325093
0.007663 0.010585 0.000010 0.652136 0.000010 0.329596
0.000391 0.000010 0.000010 0.670370 0.000010 0.329209
0.000488 0.000010 0.000010 0.625351 0.000010 0.374130
0.000010 0.000010 0.000010 0.636290 0.000010 0.363670
0.000010 0.000010 0.000010 0.634532 0.000010 0.365428
0.000010 0.003196 0.000010 0.606686 0.000010 0.390087
0.000010 0.000010 0.000010 0.587241 0.000010 0.412719
0.007051 0.000010 0.000010 0.597266 0.000010 0.395653
0.003839 0.000010 0.000010 0.650555 0.000010 0.345575
0.018081 0.004844 0.000010 0.594621 0.000500 0.381945
0.000010 0.000010 0.000010 0.634291 0.000010 0.365669
0.000010 0.000010 0.000010 0.634551 0.000010 0.365409
0.031537 0.000010 0.000010 0.000010 0.000010 0.968423
0.016687 0.011318 0.011811 0.005602 0.000010 0.954571
0.000010 0.000010 0.017003 0.255213 0.000010 0.727754
0.000010 0.002016 0.022660 0.096095 0.000010 0.879209
0.009594 0.000010 0.041161 0.046989 0.000010 0.902236
0.012705 0.000010 0.020383 0.092826 0.000010 0.874066
0.001569 0.000010 0.039753 0.039757 0.000010 0.918901
0.000010 0.014754 0.014411 0.115754 0.000010 0.855060
0.000010 0.038080 0.002045 0.277688 0.002700 0.679477
0.003545 0.000010 0.028935 0.081267 0.000010 0.886234
0.023269 0.008775 0.007299 0.037184 0.000010 0.923463
0.006278 0.018236 0.031998 0.020656 0.000010 0.922821
0.008573 0.014221 0.022341 0.000010 0.000010 0.954845
0.000010 0.000010 0.026335 0.000010 0.000010 0.973625
0.000010 0.000010 0.025325 0.126275 0.000010 0.848370
0.012572 0.000010 0.025402 0.095912 0.000010 0.866094
0.004104 0.026756 0.008213 0.199812 0.000010 0.761104
0.000010 0.003432 0.000010 0.632770 0.000010 0.363768
0.000010 0.000010 0.000010 0.618922 0.000010 0.381038
0.000010 0.000010 0.000010 0.674443 0.000010 0.325517
0.000010 0.000010 0.000010 0.642904 0.000010 0.357056
0.007565 0.000010 0.000016 0.636984 0.000010 0.355414
0.000017 0.000010 0.000010 0.675772 0.000010 0.324181
0.000010 0.000500 0.003160 0.633090 0.000010 0.363230
0.000010 0.014253 0.000010 0.626531 0.000010 0.359186
0.000010 0.000010 0.000010 0.613458 0.000010 0.386502
0.000010 0.000010 0.000010 0.641865 0.000010 0.358095
0.007781 0.000010 0.000010 0.624356 0.000010 0.367833
0.000177 0.001574 0.000010 0.657704 0.000010 0.340525
0.007816 0.012064 0.000010 0.687557 0.000010 0.292543
0.000010 0.000010 0.000010 0.686844 0.000010 0.313116
0.002273 0.000010 0.000010 0.636566 0.000010 0.361130
0.000010 0.019831 0.000010 0.622551 0.000010 0.357589
0.000010 0.000010 0.000010 0.652712 0.000010 0.347248
0.003119 0.000010 0.000010 0.595965 0.000010 0.400886
0.000010 0.000010 0.000010 0.705834 0.000010 0.294126
0.000010 0.004254 0.003408 0.655268 0.000010 0.337050
0.000010 0.000010 0.000010 0.669325 0.000010 0.330635
0.000010 0.000010 0.000010 0.631471 0.000010 0.368489
0.000010 0.000010 0.000010 0.594469 0.000010 0.405491
0.000010 0.000010 0.000010 0.681429 0.000010 0.318531
0.000010 0.000019 0.000010 0.683563 0.000010 0.316389
0.002124 0.000010 0.000010 0.530284 0.000010 0.467563
0.000010 0.000219 0.000010 0.667753 0.000010 0.331998
0.000010 0.012052 0.000010 0.615718 0.000010 0.372199
0.000010 0.000010 0.000010 0.690096 0.000010 0.309864
0.000010 0.000010 0.000010 0.670913 0.000010 0.329047
0.000010 0.000016 0.000010 0.579253 0.000010 0.420701
0.003232 0.022990 0.022607 0.072633 0.000010 0.878528
0.000010 0.000138 0.040059 0.008963 0.000010 0.950820
0.000010 0.002977 0.026154 0.127358 0.000010 0.843492
0.005443 0.000010 0.028279 0.000010 0.000010 0.966248
0.005242 0.000010 0.023869 0.000010 0.000010 0.970859
0.014922 0.010844 0.019383 0.000010 0.000010 0.954830
0.000010 0.000010 0.022931 0.159484 0.000010 0.817555
0.005117 0.000010 0.004211 0.116041 0.000010 0.874611
0.000010 0.009036 0.016354 0.202486 0.000010 0.772105
0.022925 0.000010 0.018575 0.048166 0.000010 0.910315
0.001808 0.000010 0.012371 0.283164 0.000010 0.702637
0.010856 0.024335 0.008820 0.025687 0.000010 0.930293
0.000010 0.037103 0.002469 0.045163 0.000010 0.915244
0.000010 0.000010 0.012592 0.057460 0.000010 0.929918
0.000010 0.016227 0.014612 0.000362 0.000010 0.968779
0.000010 0.008731 0.003494 0.054309 0.000010 0.933446
0.000018 0.000010 0.023866 0.000010 0.000010 0.976086
0.002653 0.000010 0.020476 0.000010 0.000010 0.976840
0.000010 0.013119 0.028898 0.000010 0.000010 0.957954
0.000010 0.000010 0.014719 0.000010 0.000010 0.985241
0.010065 0.018411 0.014477 0.143248 0.000010 0.813789
0.004776 0.000010 0.040282 0.144026 0.000010 0.810895
0.006504 0.000010 0.023006 0.056459 0.000010 0.914011
0.004750 0.000010 0.009619 0.082685 0.000010 0.902926
0.013110 0.000010 0.000010 0.218037 0.000010 0.768823
0.000010 0.000010 0.022328 0.000010 0.000010 0.977632
0.009987 0.000010 0.011354 0.121491 0.000010 0.857148
0.000010 0.001650 0.000010 0.091990 0.000010 0.906330
0.003497 0.000010 0.017590 0.108044 0.000010 0.870849
0.002544 0.000010 0.021928 0.162626 0.000010 0.812883
0.004321 0.000012 0.021239 0.116869 0.000010 0.857549
0.003202 0.000010 0.018754 0.002232 0.000010 0.975792
0.020867 0.000010 0.000010 0.000010 0.000010 0.979093
0.010565 0.000669 0.020183 0.000010 0.000010 0.968564
0.000010 0.000010 0.010663 0.066862 0.000010 0.922445
0.000010 0.000010 0.023560 0.088930 0.000010 0.887480
0.003134 0.001406 0.021654 0.114560 0.000010 0.859236
0.000010 0.000010 0.015873 0.125978 0.000010 0.858118
0.025300 0.008459 0.000010 0.125440 0.000010 0.840780
0.004892 0.012660 0.000010 0.139325 0.000010 0.843103
0.012667 0.014805 0.003537 0.130130 0.000010 0.838852
0.000010 0.000010 0.014264 0.172573 0.000010 0.813133
0.006288 0.000010 0.015633 0.105164 0.000010 0.872896
0.007693 0.000010 0.007653 0.102183 0.000010 0.882451
0.000010 0.000010 0.005402 0.195422 0.000010 0.799146
0.001415 0.000010 0.008264 0.099049 0.000010 0.891252
0.000010 0.013998 0.038039 0.103181 0.000010 0.844763
0.014571 0.031805 0.003824 0.299963 0.000728 0.649110
0.005390 0.000010 0.019271 0.059315 0.000010 0.916004
0.000010 0.000010 0.015152 0.064142 0.000010 0.920677
0.000010 0.000010 0.020508 0.336868 0.000010 0.642593
0.009114 0.000010 0.025256 0.048880 0.000010 0.916731
0.019153 0.000010 0.007053 0.167491 0.000010 0.806283
0.000010 0.006858 0.020043 0.062453 0.000010 0.910627
0.007875 0.025251 0.000010 0.331662 0.000010 0.635192
0.000010 0.000010 0.030176 0.031192 0.000010 0.938602
0.000010 0.000012 0.017620 0.100035 0.000010 0.882313
0.012382 0.000010 0.008533 0.168872 0.000010 0.810194
0.000016 0.000010 0.025535 0.080875 0.000010 0.893554
0.009515 0.024507 0.000010 0.130297 0.000010 0.835661
0.000010 0.000010 0.026444 0.000010 0.000010 0.973516
0.012279 0.000010 0.005957 0.149408 0.000010 0.832335
0.002498 0.000010 0.023450 0.000010 0.000010 0.974022
0.000010 0.013637 0.039973 0.084696 0.000010 0.861674
0.000010 0.000010 0.026280 0.129054 0.000010 0.844636
0.002365 0.000010 0.012615 0.000010 0.000010 0.984991
0.000010 0.023270 0.018472 0.074080 0.000010 0.884159
0.000010 0.000010 0.037731 0.110558 0.000010 0.851681
0.012079 0.000010 0.014912 0.000010 0.000010 0.972979
0.000010 0.000010 0.018625 0.045603 0.000010 0.935742
0.000010 0.019868 0.013699 0.100434 0.000010 0.865980
0.000010 0.000010 0.020128 0.076766 0.000010 0.903076
0.001705 0.000010 0.000010 0.050300 0.000010 0.947964
0.000010 0.000010 0.000010 0.188801 0.000010 0.811159
0.015829 0.000010 0.011425 0.019403 0.000010 0.953323
0.011262 0.019012 0.015845 0.075853 0.000010 0.878018
0.000010 0.000010 0.001721 0.255448 0.000010 0.742801
0.000010 0.000010 0.000010 0.087514 0.000010 0.912446
0.000010 0.000010 0.016715 0.000010 0.000010 0.983245
0.002466 0.000010 0.014858 0.000010 0.000010 0.982646
0.017390 0.001238 0.007927 0.115945 0.000010 0.857491
0.010500 0.000010 0.989460 0.000010 0.000010 0.000010
0.010806 0.000010 0.989154 0.000010 0.000010 0.000010
0.000010 0.000010 0.999950 0.000010 0.000010 0.000010
0.000010 0.000010 0.999950 0.000010 0.000010 0.000010
0.000010 0.000010 0.999950 0.000010 0.000010 0.000010
0.000010 0.000010 0.999950 0.000010 0.000010 0.000010
0.000010 0.000010 0.999950 0.000010 0.000010 0.000010
0.008163 0.000010 0.991797 0.000010 0.000010 0.000010
0.000010 0.000010 0.999950 0.000010 0.000010 0.000010
0.000010 0.000010 0.999950 0.000010 0.000010 0.000010
0.003491 0.000010 0.996469 0.000010 0.000010 0.000010
0.012099 0.005672 0.982198 0.000010 0.000010 0.000010
0.000010 0.000010 0.999950 0.000010 0.000010 0.000010
0.000010 0.000010 0.996733 0.000010 0.000010 0.003227
0.000010 0.000010 0.999950 0.000010 0.000010 0.000010
0.000010 0.000010 0.999950 0.000010 0.000010 0.000010
0.009471 0.000010 0.990489 0.000010 0.000010 0.000010
0.005356 0.000010 0.994604 0.000010 0.000010 0.000010
0.005050 0.000010 0.994910 0.000010 0.000010 0.000010
0.000010 0.000010 0.996387 0.000528 0.000010 0.003055
0.000010 0.000010 0.999950 0.000010 0.000010 0.000010
0.000010 0.000010 0.999716 0.000244 0.000010 0.000010
0.016558 0.000010 0.983402 0.000010 0.000010 0.000010
0.000010 0.000010 0.999950 0.000010 0.000010 0.000010
0.000010 0.000010 0.999950 0.000010 0.000010 0.000010
0.000010 0.000010 0.999950 0.000010 0.000010 0.000010
0.000010 0.000010 0.999950 0.000010 0.000010 0.000010
0.004966 0.000010 0.994994 0.000010 0.000010 0.000010
0.000383 0.000010 0.999577 0.000010 0.000010 0.000010
0.008144 0.000010 0.991816 0.000010 0.000010 0.000010
0.015262 0.000010 0.984698 0.000010 0.000010 0.000010
0.000265 0.000010 0.995007 0.000010 0.004699 0.000010
0.013034 0.000010 0.986926 0.000010 0.000010 0.000010
0.000010 0.000010 0.999950 0.000010 0.000010 0.000010
0.000010 0.000010 0.999950 0.000010 0.000010 0.000010
0.000010 0.000010 0.999950 0.000010 0.000010 0.000010
0.007070 0.000010 0.992890 0.000010 0.000010 0.000010
0.001472 0.003256 0.995242 0.000010 0.000010 0.000010
0.000010 0.000010 0.999950 0.000010 0.000010 0.000010
0.002608 0.000010 0.997352 0.000010 0.000010 0.000010
0.000010 0.000010 0.999950 0.000010 0.000010 0.000010
0.009098 0.000010 0.990862 0.000010 0.000010 0.000010
0.168660 0.000010 0.007921 0.704884 0.075176 0.043349
0.210493 0.023656 0.006082 0.595023 0.164736 0.000010
0.137200 0.022792 0.031197 0.688121 0.070245 0.050445
0.011777 0.000010 0.988183 0.000010 0.000010 0.000010
0.000010 0.000010 0.999950 0.000010 0.000010 0.000010
0.008927 0.000010 0.991033 0.000010 0.000010 0.000010
0.000010 0.000010 0.999950 0.000010 0.000010 0.000010
0.000010 0.000010 0.999950 0.000010 0.000010 0.000010
0.000010 0.000010 0.999950 0.000010 0.000010 0.000010
0.000010 0.000010 0.999950 0.000010 0.000010 0.000010
0.005510 0.000010 0.994450 0.000010 0.000010 0.000010
0.009164 0.000010 0.990796 0.000010 0.000010 0.000010
0.000010 0.000010 0.999950 0.000010 0.000010 0.000010
0.000010 0.000010 0.999950 0.000010 0.000010 0.000010
0.000010 0.010808 0.989152 0.000010 0.000010 0.000010
0.022013 0.000010 0.959738 0.000014 0.000010 0.018215
0.000010 0.000010 0.999950 0.000010 0.000010 0.000010
0.000010 0.000010 0.999950 0.000010 0.000010 0.000010
0.000010 0.000010 0.999950 0.000010 0.000010 0.000010
0.000010 0.000010 0.999950 0.000010 0.000010 0.000010
0.000010 0.000010 0.998263 0.000010 0.000010 0.001697
0.000010 0.000010 0.999950 0.000010 0.000010 0.000010
0.000010 0.000010 0.999950 0.000010 0.000010 0.000010
0.000010 0.000010 0.999950 0.000010 0.000010 0.000010
0.010955 0.000010 0.989005 0.000010 0.000010 0.000010
0.000010 0.000010 0.999950 0.000010 0.000010 0.000010
0.000010 0.000010 0.999950 0.000010 0.000010 0.000010
0.008586 0.000010 0.990012 0.001372 0.000010 0.000010
0.000010 0.000010 0.999950 0.000010 0.000010 0.000010
0.005382 0.000010 0.994578 0.000010 0.000010 0.000010
0.000010 0.000010 0.999950 0.000010 0.000010 0.000010
0.000010 0.006467 0.983334 0.000010 0.000010 0.010169
0.000010 0.000010 0.999950 0.000010 0.000010 0.000010
0.000010 0.000010 0.999016 0.000944 0.000010 0.000010
0.000010 0.000010 0.999950 0.000010 0.000010 0.000010
0.000010 0.000010 0.999950 0.000010 0.000010 0.000010
0.001448 0.000010 0.998512 0.000010 0.000010 0.000010
0.001340 0.000010 0.998620 0.000010 0.000010 0.000010
0.155917 0.020337 0.019550 0.653589 0.137483 0.013124
0.154299 0.025243 0.000010 0.657853 0.156597 0.005998
0.105548 0.030123 0.000010 0.795523 0.068787 0.000010
0.193757 0.016718 0.015116 0.699322 0.068188 0.006898
0.000010 0.000010 0.999950 0.000010 0.000010 0.000010
0.001175 0.000010 0.998785 0.000010 0.000010 0.000010
0.000010 0.000010 0.999950 0.000010 0.000010 0.000010
0.000010 0.000010 0.999950 0.000010 0.000010 0.000010
0.000010 0.000010 0.995586 0.000010 0.000010 0.004374
0.000010 0.000010 0.999950 0.000010 0.000010 0.000010
0.000010 0.000010 0.999950 0.000010 0.000010 0.000010
0.000010 0.000010 0.999950 0.000010 0.000010 0.000010
0.000010 0.000010 0.999950 0.000010 0.000010 0.000010
0.003384 0.000010 0.996576 0.000010 0.000010 0.000010
0.000010 0.000010 0.999636 0.000010 0.000010 0.000324
0.000010 0.000010 0.999950 0.000010 0.000010 0.000010
0.000010 0.000010 0.999950 0.000010 0.000010 0.000010
0.008198 0.000010 0.991762 0.000010 0.000010 0.000010
0.000010 0.000010 0.999950 0.000010 0.000010 0.000010
0.001953 0.000010 0.998007 0.000010 0.000010 0.000010
0.000010 0.000010 0.999950 0.000010 0.000010 0.000010
0.000010 0.000010 0.999950 0.000010 0.000010 0.000010
0.000010 0.000010 0.999950 0.000010 0.000010 0.000010
0.009555 0.000010 0.990405 0.000010 0.000010 0.000010
0.015541 0.000010 0.984419 0.000010 0.000010 0.000010
0.000010 0.000010 0.999950 0.000010 0.000010 0.000010
0.005393 0.000010 0.988686 0.000010 0.000010 0.005891
0.002624 0.000010 0.997329 0.000017 0.000010 0.000010
0.000010 0.000010 0.999950 0.000010 0.000010 0.000010
0.000010 0.000010 0.999950 0.000010 0.000010 0.000010
0.000010 0.000010 0.999950 0.000010 0.000010 0.000010
0.000010 0.007296 0.992664 0.000010 0.000010 0.000010
0.090480 0.006699 0.030643 0.785932 0.013429 0.072817
0.138161 0.000010 0.031599 0.754321 0.049113 0.026796
0.211275 0.000010 0.000010 0.602640 0.120726 0.065340
0.139164 0.001394 0.005085 0.704109 0.053233 0.097015
0.118341 0.000010 0.003428 0.714815 0.077983 0.085423
0.066764 0.000010 0.003057 0.687748 0.055005 0.187416
0.165054 0.000010 0.000010 0.710453 0.124463 0.000010
0.057653 0.000010 0.000010 0.809178 0.072954 0.060195
0.230804 0.000010 0.013980 0.670292 0.079932 0.004983
0.000010 0.013267 0.986693 0.000010 0.000010 0.000010
0.000010 0.005632 0.994328 0.000010 0.000010 0.000010
0.000010 0.010935 0.989025 0.000010 0.000010 0.000010
0.002355 0.000010 0.997605 0.000010 0.000010 0.000010
0.000010 0.020329 0.979631 0.000010 0.000010 0.000010
0.000010 0.000010 0.999950 0.000010 0.000010 0.000010
0.000010 0.000010 0.999950 0.000010 0.000010 0.000010
0.007010 0.000010 0.992950 0.000010 0.000010 0.000010
0.004776 0.000010 0.995184 0.000010 0.000010 0.000010
0.004262 0.024173 0.971535 0.000010 0.000010 0.000010
0.000010 0.004075 0.995885 0.000010 0.000010 0.000010
0.001778 0.001776 0.989033 0.000010 0.000010 0.007393
0.000010 0.008770 0.991190 0.000010 0.000010 0.000010
0.000010 0.009994 0.989966 0.000010 0.000010 0.000010
0.000010 0.000654 0.999306 0.000010 0.000010 0.000010
0.103449 0.000010 0.010455 0.736384 0.085693 0.064010
0.133474 0.039938 0.000010 0.636562 0.110211 0.079805
0.144711 0.000010 0.013726 0.584028 0.225596 0.031929
0.190931 0.008756 0.013674 0.558490 0.217129 0.011021
0.190495 0.013428 0.000010 0.511429 0.231522 0.053115
0.176333 0.017661 0.008832 0.724135 0.073028 0.000010
0.105078 0.015168 0.000010 0.731872 0.118320 0.029551
0.145529 0.001969 0.005974 0.625155 0.133619 0.087754
0.109747 0.019603 0.021166 0.744757 0.077958 0.026770
0.136923 0.000010 0.029650 0.769868 0.061677 0.001873
0.152634 0.000010 0.009342 0.501958 0.336046 0.000010
0.113660 0.004675 0.023287 0.640881 0.166287 0.051211
0.153658 0.022088 0.002861 0.714922 0.067981 0.038490
0.152817 0.000010 0.010200 0.756443 0.080520 0.000010
0.186169 0.018230 0.003681 0.709965 0.081945 0.000010
0.150310 0.013099 0.011227 0.688145 0.053841 0.083378
0.157860 0.000010 0.000010 0.736762 0.086357 0.019000
0.145047 0.000010 0.000010 0.715826 0.079006 0.060100
0.068550 0.010085 0.022070 0.755512 0.091558 0.052224
0.190126 0.000010 0.011020 0.588250 0.194104 0.016491
0.154256 0.033057 0.012449 0.609245 0.175272 0.015721
0.230468 0.000010 0.000010 0.677287 0.087326 0.004899
0.150442 0.000010 0.001508 0.582856 0.214403 0.050782
0.179571 0.000010 0.021598 0.680784 0.096717 0.021320
0.126295 0.014622 0.022077 0.691639 0.105614 0.039752
0.214021 0.009065 0.000010 0.626161 0.136447 0.014296
0.150394 0.002229 0.012695 0.589813 0.186324 0.058545
0.144742 0.000760 0.001958 0.676979 0.145544 0.030018
0.163297 0.004774 0.000010 0.569726 0.225115 0.037077
0.147863 0.018128 0.022622 0.676652 0.124528 0.010206
0.137983 0.005786 0.005323 0.715967 0.096239 0.038702
0.150336 0.000010 0.032505 0.692684 0.077728 0.046738
0.156504 0.000010 0.007356 0.700106 0.093770 0.042254
0.190409 0.000010 0.000010 0.669431 0.140130 0.000010
0.132798 0.017737 0.000010 0.605255 0.161447 0.082752
0.154784 0.010110 0.000010 0.714091 0.101323 0.019682
0.092936 0.007015 0.000010 0.749509 0.072067 0.078462
0.100833 0.002474 0.014331 0.623856 0.220126 0.038380
0.161933 0.000010 0.006918 0.599577 0.140493 0.091069
0.143164 0.003172 0.010004 0.645186 0.127765 0.070709
0.072272 0.005422 0.003577 0.810844 0.024887 0.082998
0.297375 0.000010 0.016383 0.639681 0.000928 0.045624
0.130312 0.005346 0.000010 0.773710 0.034728 0.055895
0.303438 0.019027 0.000010 0.549415 0.034637 0.093472
0.252515 0.007239 0.000010 0.602999 0.073951 0.063287
0.289911 0.000010 0.026904 0.463965 0.146339 0.072871
0.276270 0.024584 0.005142 0.536401 0.081639 0.075965
0.275814 0.010158 0.000010 0.617583 0.056400 0.040035
0.241861 0.000010 0.025422 0.660218 0.061691 0.010798
0.171692 0.000010 0.013560 0.769157 0.018374 0.027206
0.217384 0.000010 0.015170 0.633252 0.122040 0.012144
0.284023 0.000010 0.011559 0.567732 0.096732 0.039944
0.327677 0.000010 0.022359 0.634762 0.015181 0.000010
0.308428 0.011820 0.001929 0.495999 0.168907 0.012917
0.279979 0.030106 0.008327 0.643771 0.033574 0.004243
0.369947 0.012441 0.024607 0.420838 0.172157 0.000010
0.268374 0.008960 0.000010 0.611665 0.050777 0.060215
0.443183 0.000010 0.032664 0.419956 0.104178 0.000010
0.165607 0.000010 0.011753 0.579008 0.171610 0.072011
0.181948 0.004582 0.007826 0.701301 0.097454 0.006888
0.122932 0.006095 0.004203 0.760593 0.106168 0.000010
0.147003 0.000010 0.000742 0.504203 0.238389 0.109652
0.072340 0.053052 0.000010 0.854392 0.020196 0.000010
0.162473 0.000010 0.006268 0.612041 0.132844 0.086365
0.148017 0.019392 0.011872 0.585011 0.186668 0.049040
0.051238 0.008857 0.008558 0.756748 0.069705 0.104895
0.134031 0.000010 0.024137 0.758238 0.055435 0.028148
0.184022 0.000010 0.022497 0.671170 0.088385 0.033915
0.196357 0.017453 0.016873 0.690172 0.079134 0.000010
0.156525 0.023777 0.026486 0.627655 0.149181 0.016375
0.172955 0.003574 0.012175 0.670710 0.130922 0.009664
0.233081 0.000010 0.020610 0.526041 0.203592 0.016665
0.209561 0.023339 0.009995 0.534281 0.222813 0.000010
0.225226 0.000010 0.000010 0.580144 0.164585 0.030026
0.216207 0.010173 0.000010 0.663802 0.098108 0.011701
0.167866 0.000010 0.000010 0.733284 0.069536 0.029294
0.157369 0.000010 0.014931 0.610447 0.178525 0.038718
0.114248 0.010023 0.013112 0.824543 0.038064 0.000010
0.120477 0.022507 0.028818 0.697453 0.102836 0.027909
0.127874 0.005287 0.013081 0.697445 0.118937 0.037376
0.181919 0.000010 0.018622 0.575111 0.188031 0.036307
0.127008 0.035262 0.000010 0.731131 0.106579 0.000010
0.316035 0.019063 0.004243 0.497494 0.080458 0.082707
0.264028 0.000010 0.013450 0.679600 0.025582 0.017331
0.274258 0.016822 0.024096 0.641930 0.042884 0.000010
0.288733 0.001335 0.019157 0.516538 0.174227 0.000010
0.167123 0.020213 0.015690 0.761978 0.001832 0.033164
0.295972 0.041308 0.005331 0.606293 0.016983 0.034112
0.130984 0.000010 0.022475 0.740892 0.020519 0.085120
0.325568 0.008956 0.000010 0.521666 0.143790 0.000010
0.279303 0.000010 0.016549 0.633391 0.070737 0.000010
0.279359 0.000010 0.007538 0.629415 0.072779 0.010899
0.304675 0.006667 0.002860 0.477260 0.185126 0.023412
0.364536 0.011508 0.022143 0.601793 0.000010 0.000010
0.285741 0.010319 0.000010 0.660715 0.020452 0.022763
0.247562 0.030310 0.014731 0.619962 0.019991 0.067444
0.238409 0.000010 0.026664 0.664577 0.070330 0.000010
0.140235 0.019661 0.020365 0.585140 0.234590 0.000010
0.213134 0.009961 0.002667 0.635406 0.138823 0.000010
0.173605 0.024637 0.024163 0.630615 0.127302 0.019678
0.170939 0.009487 0.028212 0.615267 0.153224 0.022870
0.152388 0.000010 0.014939 0.566812 0.237567 0.028284
0.104506 0.018213 0.011985 0.727396 0.087777 0.050123
0.148296 0.000010 0.000010 0.681642 0.116178 0.053864
0.174620 0.000010 0.019490 0.660771 0.105904 0.039204
0.102010 0.016780 0.002862 0.663200 0.136997 0.078150
0.214782 0.000010 0.007478 0.680012 0.097709 0.000010
0.012522 0.000010 0.000010 0.625486 0.000010 0.361962
0.593793 0.000010 0.012933 0.334780 0.011917 0.046567
0.223407 0.000010 0.016053 0.346666 0.365382 0.048482
0.406717 0.010293 0.002178 0.485477 0.027882 0.067453
0.233071 0.027250 0.015196 0.652131 0.043538 0.028813
0.400571 0.014647 0.023366 0.497843 0.040729 0.022843
0.412234 0.016898 0.000010 0.457898 0.072905 0.040055
0.263198 0.011820 0.020716 0.659555 0.010519 0.034191
0.200635 0.016297 0.001743 0.723447 0.034110 0.023767
0.164368 0.000010 0.035483 0.747269 0.021744 0.031126
0.337532 0.011136 0.000010 0.592339 0.054681 0.004303
0.289548 0.000010 0.027117 0.594761 0.012605 0.075959
0.241698 0.012914 0.007396 0.614969 0.047850 0.075173
0.227075 0.009954 0.012658 0.659183 0.064420 0.026710
0.222590 0.010338 0.016241 0.581660 0.155171 0.014000
0.328314 0.034554 0.013016 0.412869 0.177141 0.034106
0.273700 0.035708 0.012607 0.494333 0.125860 0.057792
0.281687 0.000010 0.004207 0.515122 0.121612 0.077362
0.532745 0.000010 0.013729 0.323436 0.130070 0.000010
0.338654 0.000010 0.019580 0.612701 0.029045 0.000010
0.272334 0.002437 0.011328 0.688262 0.002549 0.023091
0.319846 0.000010 0.006695 0.535218 0.138222 0.000010
0.323204 0.039285 0.000735 0.496351 0.103078 0.037348
0.405016 0.008498 0.008246 0.551103 0.027127 0.000010
0.245467 0.000010 0.000010 0.662805 0.033692 0.058015
0.246725 0.000010 0.014367 0.690804 0.048085 0.000010
0.137657 0.043401 0.002414 0.711928 0.050251 0.054348
0.309441 0.000010 0.013128 0.373524 0.294100 0.009797
0.169918 0.001338 0.008457 0.607357 0.171167 0.041763
0.154436 0.000010 0.021323 0.609125 0.188736 0.026370
0.143004 0.007008 0.000010 0.779935 0.070033 0.000010
0.218761 0.039769 0.000010 0.582210 0.159240 0.000010
0.155270 0.005470 0.010501 0.628830 0.199919 0.000010
0.212727 0.016596 0.009250 0.559245 0.146526 0.055657
0.181657 0.000010 0.005597 0.565663 0.187302 0.059772
0.120396 0.000010 0.011175 0.736103 0.099942 0.032373
0.230431 0.010055 0.000360 0.688367 0.070777 0.000010
0.199307 0.034211 0.000010 0.615858 0.117022 0.033592
0.169384 0.034501 0.008316 0.545244 0.123445 0.119111
0.276377 0.012403 0.009359 0.512898 0.126551 0.062413
0.240425 0.000063 0.017881 0.698256 0.022535 0.020840
0.532590 0.010775 0.008431 0.285335 0.053283 0.109586
0.142269 0.000010 0.016771 0.766387 0.010963 0.063599
0.222832 0.000010 0.019390 0.446005 0.194589 0.117174
0.403771 0.011871 0.027687 0.509007 0.019527 0.028137
0.547370 0.004204 0.007427 0.399994 0.040995 0.000010
0.287301 0.004715 0.033824 0.594811 0.078781 0.000568
0.234035 0.006362 0.031426 0.611678 0.057821 0.058678
0.401042 0.005494 0.008073 0.514066 0.036112 0.035212
0.412252 0.013645 0.005186 0.487769 0.050353 0.030795
0.436890 0.028153 0.005440 0.490925 0.038583 0.000010
0.413274 0.014690 0.007568 0.395272 0.169186 0.000010
0.320048 0.028268 0.011038 0.286807 0.289538 0.064300
0.312766 0.000010 0.008212 0.477762 0.201240 0.000010
0.214751 0.000010 0.000010 0.764647 0.020572 0.000010
0.199430 0.005518 0.024046 0.759491 0.011504 0.000010
0.178525 0.000988 0.012936 0.723279 0.019802 0.064470
0.159239 0.005265 0.000498 0.795905 0.016228 0.022865
0.284313 0.015225 0.005240 0.336564 0.344499 0.014159
0.344715 0.000010 0.013839 0.603932 0.037494 0.000010
0.141730 0.028351 0.004511 0.586355 0.163857 0.075196
0.138519 0.006752 0.017933 0.824848 0.011938 0.000010
0.179991 0.036205 0.000010 0.767114 0.016670 0.000010
0.218255 0.009303 0.023380 0.705793 0.023379 0.019890
0.420172 0.000010 0.028347 0.420718 0.103156 0.027597
0.374758 0.000010 0.010490 0.485789 0.114745 0.014208
0.356541 0.000010 0.000010 0.512722 0.057611 0.073107
0.356147 0.007460 0.026129 0.541243 0.037371 0.031649
0.000010 0.011689 0.000010 0.822851 0.022372 0.143068
0.000010 0.001697 0.000010 0.783355 0.031401 0.183527
0.003817 0.019398 0.000010 0.812971 0.004930 0.158874
0.000010 0.000010 0.008104 0.848448 0.012680 0.130747
0.000010 0.029566 0.000010 0.859077 0.000010 0.111326
0.014531 0.010818 0.000010 0.853109 0.009056 0.112477
0.000010 0.008654 0.004156 0.896927 0.027856 0.062396
0.000010 0.009555 0.000010 0.854939 0.015713 0.119772
0.000010 0.000010 0.002271 0.843676 0.009508 0.144525
0.000097 0.000010 0.000010 0.880857 0.008957 0.110069
0.000010 0.000010 0.014505 0.880920 0.000010 0.104545
0.000010 0.000010 0.000010 0.851947 0.000010 0.148013
0.000010 0.000010 0.000010 0.825037 0.000010 0.174923
0.003953 0.000010 0.000010 0.844981 0.000010 0.151035
0.003602 0.000010 0.000010 0.860085 0.000010 0.136283
0.001954 0.000010 0.004956 0.842111 0.000010 0.150959
0.000010 0.021644 0.010197 0.879391 0.001600 0.087157
0.000010 0.005723 0.017671 0.820341 0.018548 0.137708
0.007873 0.020766 0.000010 0.811670 0.022541 0.137141
0.000010 0.000010 0.000010 0.872841 0.024311 0.102818
0.000010 0.000010 0.015713 0.816323 0.021856 0.146088
0.002079 0.004482 0.008584 0.839107 0.011249 0.134500
0.001409 0.000010 0.011729 0.840698 0.005973 0.140182
0.000010 0.026295 0.001426 0.793714 0.014827 0.163728
0.222302 0.010413 0.006487 0.691372 0.060275 0.009151
0.245768 0.000010 0.000010 0.353628 0.382224 0.018361
0.306015 0.000010 0.040499 0.386723 0.237493 0.029261
0.721914 0.000010 0.007396 0.244569 0.000010 0.026100
0.494586 0.000010 0.006710 0.432279 0.011088 0.055327
0.688969 0.000010 0.012719 0.298282 0.000010 0.000010
0.999950 0.000010 0.000010 0.000010 0.000010 0.000010
0.463907 0.000010 0.013435 0.381950 0.061600 0.079098
0.640970 0.000010 0.000010 0.308887 0.009841 0.040281
0.000527 0.717144 0.000010 0.160913 0.000010 0.121396
0.026439 0.684259 0.009548 0.148668 0.000010 0.131076
0.021142 0.673478 0.000010 0.198571 0.000010 0.106789
0.000010 0.633337 0.014032 0.193592 0.000010 0.159019
0.000010 0.011739 0.985966 0.000010 0.002265 0.000010
0.000010 0.029907 0.967112 0.000010 0.000010 0.002951
0.013052 0.025546 0.961372 0.000010 0.000010 0.000010
0.000010 0.016583 0.979604 0.003783 0.000010 0.000010
0.009889 0.033846 0.956235 0.000010 0.000010 0.000010
0.000010 0.010842 0.989118 0.000010 0.000010 0.000010
0.000010 0.000010 0.025469 0.845204 0.015921 0.113386
0.000010 0.021469 0.000010 0.795834 0.011006 0.171671
0.013280 0.010788 0.000010 0.850007 0.000010 0.125905
0.000010 0.000010 0.005917 0.844809 0.008848 0.140406
0.000010 0.042211 0.000010 0.842158 0.007296 0.108315
0.003888 0.000010 0.006442 0.865628 0.009205 0.114827
0.000010 0.002666 0.017875 0.855943 0.013680 0.109825
0.000010 0.021140 0.000010 0.802724 0.021282 0.154834
0.000010 0.033388 0.000334 0.851414 0.005530 0.109323
0.000010 0.000839 0.006751 0.819348 0.006129 0.166923
0.000010 0.000010 0.021964 0.871736 0.010659 0.095622
0.015902 0.000010 0.000010 0.800962 0.015357 0.167758
0.000010 0.028597 0.001253 0.859211 0.006627 0.104302
0.008611 0.000010 0.000010 0.858079 0.014725 0.118565
0.013099 0.004885 0.001997 0.893780 0.018730 0.067509
0.008590 0.000010 0.017128 0.857906 0.011901 0.104465
0.004402 0.000010 0.002368 0.799461 0.014534 0.179226
0.006528 0.013104 0.000010 0.865583 0.018344 0.096430
0.000010 0.004018 0.000824 0.866757 0.052829 0.075563
0.005133 0.018118 0.004991 0.882252 0.042077 0.047429
0.004830 0.000010 0.011919 0.893708 0.000010 0.089522
0.000338 0.000010 0.002431 0.802198 0.019638 0.175386
0.000010 0.021207 0.012683 0.785373 0.027079 0.153648
0.007807 0.000010 0.000010 0.808870 0.049421 0.133882
0.000010 0.000010 0.006113 0.895537 0.000010 0.098321
0.004480 0.020195 0.000010 0.845505 0.008931 0.120879
0.000010 0.000010 0.000010 0.861476 0.011632 0.126862
0.000010 0.008961 0.000010 0.841807 0.010796 0.138417
0.001131 0.000010 0.004482 0.872917 0.007247 0.114213
0.000010 0.000010 0.019983 0.845094 0.000010 0.134893
0.005362 0.000010 0.013129 0.868159 0.009168 0.104173
0.008365 0.002264 0.007324 0.813359 0.000721 0.167967
0.000010 0.005613 0.000010 0.849829 0.004453 0.140084
0.000089 0.003848 0.000010 0.857510 0.006184 0.132360
0.000834 0.000010 0.012069 0.778659 0.019950 0.188478
0.005608 0.000010 0.000010 0.737745 0.020630 0.235997
0.000010 0.000010 0.005062 0.838789 0.061613 0.094517
0.010586 0.000010 0.000010 0.840098 0.047835 0.101461
0.004850 0.015445 0.000010 0.862273 0.023361 0.094061
0.000010 0.009582 0.009988 0.862401 0.012326 0.105693
0.003968 0.000010 0.000010 0.833995 0.000010 0.162007
0.000010 0.000010 0.000010 0.891037 0.000010 0.108923
0.000010 0.000010 0.000010 0.826659 0.033514 0.139797
0.000010 0.000010 0.023304 0.878558 0.017126 0.080992
0.000994 0.000010 0.000010 0.822970 0.011429 0.164588
0.000010 0.024820 0.000482 0.754864 0.013423 0.206401
0.006886 0.000010 0.000976 0.863044 0.019157 0.109927
0.000010 0.000010 0.009101 0.857500 0.023730 0.109649
0.003868 0.000010 0.004335 0.863292 0.002236 0.126259
0.009627 0.004234 0.000010 0.844530 0.004212 0.137388
0.008875 0.000010 0.004271 0.850340 0.010770 0.125734
0.000010 0.030252 0.001624 0.812282 0.021956 0.133876
0.000018 0.000010 0.005674 0.868098 0.012478 0.113722
0.000010 0.000010 0.003662 0.861953 0.005735 0.128630
0.000010 0.003578 0.011256 0.867759 0.010900 0.106497
0.000010 0.029144 0.000010 0.804035 0.023515 0.143286
0.000010 0.030080 0.002979 0.896535 0.018055 0.052342
0.005045 0.016420 0.000010 0.860340 0.024770 0.093415
0.006665 0.000010 0.004523 0.851569 0.013377 0.123855
0.003662 0.000010 0.003834 0.918190 0.000010 0.074293
0.000010 0.000010 0.000010 0.851746 0.012268 0.135956
0.007368 0.000010 0.000010 0.851577 0.000010 0.141025
0.012265 0.013858 0.004165 0.821392 0.000010 0.148310
0.000010 0.000010 0.000010 0.829575 0.004248 0.166147
0.000010 0.000010 0.000137 0.821267 0.000010 0.178566
0.000010 0.018757 0.000010 0.866166 0.006174 0.108883
0.000010 0.000010 0.007892 0.808657 0.014523 0.168908
0.000010 0.000010 0.010534 0.899313 0.016097 0.074036
0.000010 0.000010 0.000010 0.782576 0.000010 0.217384
0.000010 0.000010 0.000010 0.809196 0.006518 0.184256
0.001779 0.000018 0.000010 0.689534 0.000010 0.308649
0.000016 0.022776 0.000010 0.668336 0.000010 0.308852
0.000230 0.000010 0.000010 0.662939 0.000010 0.336801
0.000010 0.000010 0.996445 0.000010 0.000010 0.003515
0.000010 0.025275 0.974685 0.000010 0.000010 0.000010
0.000010 0.000010 0.999950 0.000010 0.000010 0.000010
0.000010 0.012688 0.987272 0.000010 0.000010 0.000010
0.003729 0.000010 0.996231 0.000010 0.000010 0.000010
0.000010 0.000010 0.999950 0.000010 0.000010 0.000010
0.000010 0.000010 0.999950 0.000010 0.000010 0.000010
0.000010 0.000010 0.999950 0.000010 0.000010 0.000010
0.000010 0.000010 0.999950 0.000010 0.000010 0.000010
0.000010 0.000351 0.999609 0.000010 0.000010 0.000010
0.000010 0.000010 0.999950 0.000010 0.000010 0.000010
0.000010 0.008558 0.991402 0.000010 0.000010 0.000010
0.000010 0.006461 0.993499 0.000010 0.000010 0.000010
0.000010 0.008559 0.991401 0.000010 0.000010 0.000010
0.000010 0.001441 0.998519 0.000010 0.000010 0.000010
0.000010 0.011203 0.987983 0.000010 0.000010 0.000784
0.000010 0.000010 0.999950 0.000010 0.000010 0.000010
0.000010 0.000010 0.999950 0.000010 0.000010 0.000010
0.000010 0.016006 0.983954 0.000010 0.000010 0.000010
0.007775 0.011943 0.980252 0.000010 0.000010 0.000010
0.000010 0.000010 0.999950 0.000010 0.000010 0.000010
0.000010 0.006113 0.993847 0.000010 0.000010 0.000010
0.000010 0.007203 0.984578 0.008189 0.000010 0.000010
0.000010 0.042002 0.957958 0.000010 0.000010 0.000010
0.000010 0.036259 0.963701 0.000010 0.000010 0.000010
0.000010 0.027632 0.972328 0.000010 0.000010 0.000010
0.000010 0.021996 0.971550 0.000010 0.000010 0.006424
0.000010 0.018519 0.977363 0.000010 0.000010 0.004088
0.000010 0.031383 0.968577 0.000010 0.000010 0.000010
0.000010 0.026922 0.973038 0.000010 0.000010 0.000010
0.000010 0.026768 0.966819 0.000010 0.000010 0.006384
0.000010 0.037477 0.962483 0.000010 0.000010 0.000010
0.000010 0.032580 0.967380 0.000010 0.000010 0.000010
0.000010 0.026772 0.973188 0.000010 0.000010 0.000010
0.000010 0.013255 0.981939 0.000010 0.000010 0.004776
0.000010 0.031135 0.968825 0.000010 0.000010 0.000010
0.000010 0.045317 0.953608 0.000010 0.000010 0.001045
0.000010 0.023753 0.976207 0.000010 0.000010 0.000010
0.008731 0.024844 0.963745 0.000010 0.002659 0.000010
0.000010 0.020248 0.979712 0.000010 0.000010 0.000010
0.000010 0.028359 0.971601 0.000010 0.000010 0.000010
0.000010 0.017506 0.982454 0.000010 0.000010 0.000010
0.000010 0.037515 0.962445 0.000010 0.000010 0.000010
0.004705 0.004735 0.990530 0.000010 0.000010 0.000010
0.000010 0.033589 0.966361 0.000020 0.000010 0.000010
0.000010 0.000010 0.985995 0.000010 0.000010 0.013965
0.000010 0.043086 0.956874 0.000010 0.000010 0.000010
0.000010 0.016330 0.958311 0.022105 0.003234 0.000010
0.000010 0.037365 0.962595 0.000010 0.000010 0.000010
0.000010 0.008856 0.987403 0.000010 0.000010 0.003711
0.000010 0.012621 0.987339 0.000010 0.000010 0.000010
0.000652 0.042412 0.956907 0.000010 0.000010 0.000010
0.000010 0.008944 0.986967 0.000010 0.000010 0.004059
0.000010 0.026322 0.970943 0.000010 0.002705 0.000010
0.000010 0.033653 0.966307 0.000010 0.000010 0.000010
0.000010 0.020443 0.969865 0.009662 0.000010 0.000010
0.000010 0.000010 0.007823 0.099982 0.829036 0.063139
0.002866 0.347908 0.043064 0.019876 0.521913 0.064373
0.002541 0.000010 0.004454 0.040326 0.952659 0.000010
0.000010 0.004381 0.000010 0.074747 0.859711 0.061142
0.000010 0.000010 0.000293 0.066165 0.933512 0.000010
0.000010 0.000010 0.010382 0.070327 0.873396 0.045875
0.004894 0.000010 0.000010 0.000010 0.974263 0.020813
0.015060 0.000010 0.012416 0.089173 0.857118 0.026224
0.743024 0.000010 0.000010 0.171914 0.083214 0.001828
0.566974 0.011647 0.004871 0.267936 0.126118 0.022454
0.000010 0.000010 0.007741 0.016003 0.915641 0.060595
0.000010 0.000010 0.008129 0.014303 0.960144 0.017403
0.000010 0.015894 0.000010 0.033980 0.900908 0.049197
0.001427 0.000010 0.000010 0.113350 0.831355 0.053848
0.000010 0.000010 0.000010 0.064721 0.917089 0.018160
0.904332 0.000010 0.000010 0.032708 0.000010 0.062931
0.801429 0.014409 0.000010 0.181212 0.000010 0.002930
0.999950 0.000010 0.000010 0.000010 0.000010 0.000010
0.789209 0.000010 0.000010 0.173611 0.000010 0.037150
0.999950 0.000010 0.000010 0.000010 0.000010 0.000010
0.699488 0.000010 0.069963 0.099458 0.131070 0.000010
0.999950 0.000010 0.000010 0.000010 0.000010 0.000010
0.988174 0.000010 0.000010 0.000010 0.000010 0.011786
0.862918 0.000010 0.000010 0.097528 0.000010 0.039524
0.639521 0.013235 0.056910 0.181142 0.061617 0.047575
0.772362 0.000010 0.000010 0.193157 0.000010 0.034452
0.688940 0.000890 0.005137 0.223132 0.027890 0.054011
0.999950 0.000010 0.000010 0.000010 0.000010 0.000010
0.811965 0.000010 0.000010 0.139678 0.000010 0.048327
0.840120 0.000010 0.000010 0.066528 0.070193 0.023139
0.880577 0.000010 0.000010 0.119383 0.000010 0.000010
0.546695 0.000010 0.384618 0.027267 0.000010 0.041400
0.828592 0.006809 0.001734 0.146125 0.000010 0.016730
0.622911 0.000010 0.020395 0.332193 0.017179 0.007312
0.671421 0.000010 0.062192 0.086635 0.179588 0.000154
0.894084 0.000010 0.000010 0.032713 0.046580 0.026603
0.999950 0.000010 0.000010 0.000010 0.000010 0.000010
0.931320 0.004444 0.000010 0.064206 0.000010 0.000010
0.952849 0.000010 0.000010 0.000172 0.000010 0.046949
0.002325 0.000010 0.001191 0.078226 0.903920 0.014327
0.012813 0.000010 0.003845 0.090210 0.856895 0.036227
0.999950 0.000010 0.000010 0.000010 0.000010 0.000010
0.616246 0.021883 0.000010 0.207516 0.085127 0.069217
0.651768 0.007704 0.000010 0.288774 0.006346 0.045398
0.999950 0.000010 0.000010 0.000010 0.000010 0.000010
0.713811 0.015975 0.007251 0.262944 0.000010 0.000010
0.600341 0.000010 0.002257 0.167074 0.173218 0.057100
0.832436 0.000010 0.017565 0.106448 0.034798 0.008743
0.999950 0.000010 0.000010 0.000010 0.000010 0.000010
0.701638 0.002716 0.000010 0.255611 0.000010 0.040015
0.843583 0.000010 0.000010 0.156377 0.000010 0.000010
0.755976 0.006979 0.000010 0.226769 0.000010 0.010257
0.757498 0.023921 0.000010 0.191112 0.027449 0.000010
0.801796 0.000010 0.005568 0.126328 0.000010 0.066288
0.000010 0.000010 0.000010 0.082622 0.917338 0.000010
0.002445 0.000010 0.000010 0.117619 0.872323 0.007592
0.010036 0.012222 0.000010 0.271180 0.576917 0.129635
0.016227 0.013824 0.000010 0.120250 0.830387 0.019302
0.000010 0.000499 0.008735 0.060518 0.930228 0.000010
0.775528 0.000010 0.000010 0.161609 0.006276 0.056567
0.936977 0.019627 0.000010 0.000010 0.000010 0.043366
0.907040 0.004668 0.000010 0.065062 0.000010 0.023211
0.802759 0.008847 0.000010 0.168800 0.000010 0.019574
0.854822 0.000010 0.006248 0.126031 0.012880 0.000010
0.324582 0.013671 0.000010 0.222319 0.382628 0.056790
0.869508 0.000010 0.000453 0.102783 0.000010 0.027237
0.000010 0.000010 0.000010 0.096788 0.842804 0.060377
0.000010 0.000010 0.000010 0.118964 0.836285 0.044721
0.000010 0.000010 0.001357 0.055186 0.918369 0.025068
0.000010 0.012653 0.003033 0.024829 0.959214 0.000261
0.008083 0.000010 0.000994 0.078209 0.863648 0.049055
0.004926 0.108252 0.886792 0.000010 0.000010 0.000010
0.000010 0.027285 0.957515 0.009261 0.005919 0.000010
