0.000010 0.000010 0.000010 0.622228 0.000010 0.377732
0.000010 0.000010 0.000010 0.647240 0.000010 0.352720
0.002027 0.000010 0.000010 0.608785 0.000010 0.389158
0.000010 0.000010 0.000010 0.675252 0.000010 0.324708
0.000010 0.000010 0.000010 0.632989 0.000010 0.366971
0.000011 0.000010 0.000010 0.587710 0.000010 0.412248
0.000010 0.000010 0.000010 0.668037 0.000010 0.331923
0.001444 0.000010 0.000010 0.650934 0.000010 0.347593
0.000010 0.000010 0.000010 0.620453 0.000010 0.379507
0.000010 0.000010 0.000010 0.606864 0.000010 0.393096
0.000010 0.000010 0.000010 0.606537 0.000010 0.393423
0.000010 0.000010 0.000010 0.674641 0.000010 0.325319
0.000010 0.000010 0.000010 0.623144 0.000010 0.376816
0.000010 0.000010 0.000010 0.617950 0.000010 0.382010
0.000010 0.000017 0.000010 0.592774 0.000010 0.407179
0.000010 0.000010 0.000010 0.617926 0.000010 0.382034
0.000010 0.000010 0.000010 0.615403 0.000010 0.384557
0.000010 0.000010 0.000010 0.618564 0.000010 0.381396
0.000010 0.000010 0.000010 0.626128 0.000010 0.373832
0.000010 0.000010 0.000010 0.607081 0.000010 0.392879
0.000010 0.000010 0.000010 0.631235 0.000010 0.368725
0.000010 0.000010 0.000010 0.640618 0.000010 0.359342
0.000010 0.000010 0.000010 0.619289 0.000010 0.380671
0.000010 0.000010 0.000010 0.599505 0.000010 0.400455
0.000014 0.000010 0.000010 0.625090 0.000010 0.374865
0.000010 0.000010 0.000010 0.620862 0.000010 0.379098
0.000010 0.000010 0.000010 0.584574 0.000010 0.415386
0.000010 0.000010 0.000010 0.664571 0.000010 0.335389
0.000010 0.000010 0.000010 0.671987 0.000010 0.327973
0.000010 0.000010 0.000010 0.659406 0.000010 0.340554
0.000010 0.002503 0.000010 0.638059 0.000010 0.359408
0.000010 0.000010 0.000010 0.687638 0.000010 0.312322
0.000010 0.010020 0.000010 0.649971 0.000010 0.339978
0.000010 0.000010 0.000010 0.673567 0.000010 0.326393
0.000010 0.000010 0.000010 0.670478 0.000010 0.329482
0.000010 0.000010 0.000010 0.599839 0.000010 0.400121
0.000010 0.000010 0.000010 0.651096 0.000010 0.348864
0.000010 0.000010 0.000010 0.654435 0.000010 0.345525
0.000010 0.000010 0.000010 0.646713 0.000010 0.353247
0.000010 0.000010 0.000010 0.649467 0.000010 0.350493
0.000010 0.000010 0.000010 0.619411 0.000010 0.380549
0.000010 0.000010 0.000010 0.668572 0.000010 0.331388
0.000010 0.000010 0.000010 0.650926 0.000010 0.349034
0.000010 0.000010 0.000010 0.678377 0.000010 0.321583
0.000010 0.000010 0.000010 0.681446 0.000010 0.318514
0.000010 0.000010 0.000010 0.672685 0.000010 0.327275
0.000010 0.000010 0.000010 0.621108 0.000010 0.378852
0.000010 0.000010 0.000010 0.638858 0.000010 0.361102
0.000010 0.000010 0.000010 0.612181 0.000010 0.387779
0.000010 0.000010 0.000010 0.660656 0.000010 0.339304
0.000010 0.000010 0.000010 0.641463 0.000010 0.358497
0.000010 0.000010 0.000010 0.663504 0.000010 0.336456
0.001598 0.000010 0.000010 0.658747 0.000010 0.339625
0.000010 0.000010 0.000010 0.658172 0.000010 0.341788
0.000010 0.000010 0.000010 0.652366 0.000010 0.347594
0.000010 0.000010 0.025253 0.000010 0.000010 0.974707
0.009699 0.000010 0.000010 0.025227 0.000010 0.965044
0.000014 0.000010 0.008886 0.188990 0.000010 0.802089
0.000010 0.000010 0.025576 0.021779 0.000010 0.952616
0.011939 0.000010 0.016602 0.039260 0.000010 0.932180
0.004498 0.000010 0.015621 0.049016 0.000010 0.930846
0.008872 0.000010 0.013058 0.058751 0.000010 0.919299
0.000010 0.000010 0.013661 0.049164 0.000010 0.937144
0.001923 0.013342 0.026463 0.311262 0.000632 0.646377
0.011150 0.000010 0.011874 0.012952 0.000010 0.964004
0.000010 0.005240 0.016321 0.000010 0.000010 0.978409
0.006728 0.000010 0.021141 0.013829 0.000010 0.958282
0.004924 0.000010 0.007523 0.000010 0.000010 0.987523
0.000010 0.000010 0.014562 0.000010 0.000010 0.985398
0.000010 0.000010 0.009135 0.085672 0.000010 0.905163
0.010252 0.000010 0.006406 0.114943 0.000010 0.868379
0.000010 0.000010 0.015595 0.173771 0.000010 0.810604
0.000013 0.000010 0.000010 0.679808 0.000010 0.320149
0.000010 0.000010 0.000010 0.689314 0.000010 0.310646
0.000010 0.000014 0.000010 0.691624 0.000010 0.308332
0.000010 0.000010 0.000010 0.663770 0.000010 0.336190
0.000010 0.000010 0.000010 0.673781 0.000010 0.326179
0.000010 0.000010 0.000010 0.696515 0.000010 0.303445
0.000010 0.000010 0.000010 0.683067 0.000010 0.316893
0.000010 0.000010 0.000010 0.657517 0.000010 0.342443
0.000010 0.000010 0.000010 0.642927 0.000010 0.357033
0.000010 0.000010 0.000010 0.654384 0.000010 0.345576
0.001040 0.000010 0.000010 0.623489 0.000010 0.375441
0.000010 0.000010 0.000010 0.684510 0.000010 0.315450
0.000010 0.000010 0.000010 0.734888 0.000010 0.265072
0.000010 0.000010 0.000010 0.668355 0.000010 0.331605
0.000010 0.000010 0.000010 0.685786 0.000010 0.314174
0.000010 0.000010 0.000010 0.671701 0.000010 0.328259
0.000010 0.000010 0.000010 0.689999 0.000010 0.309961
0.000010 0.000010 0.000010 0.631097 0.000010 0.368863
0.000010 0.000010 0.000010 0.675830 0.000010 0.324130
0.000011 0.000010 0.000010 0.679257 0.000010 0.320703
0.000010 0.003370 0.000010 0.664345 0.000010 0.332255
0.000010 0.000010 0.000010 0.677164 0.000010 0.322796
0.000010 0.000010 0.000010 0.660128 0.000010 0.339832
0.000010 0.000010 0.000010 0.676906 0.000010 0.323054
0.000010 0.000010 0.000010 0.686095 0.000010 0.313865
0.000010 0.000010 0.000010 0.652831 0.000010 0.347129
0.000010 0.000010 0.000019 0.684654 0.000010 0.315297
0.000010 0.000010 0.000010 0.668644 0.000010 0.331316
0.000010 0.000010 0.000010 0.668182 0.000010 0.331778
0.001146 0.000010 0.000010 0.659883 0.000010 0.338940
0.000010 0.000010 0.000010 0.634305 0.000010 0.365655
0.002535 0.006994 0.012540 0.061772 0.000010 0.916148
0.002519 0.000010 0.020301 0.000010 0.000010 0.977150
0.000014 0.000010 0.007469 0.122887 0.000010 0.869609
0.005616 0.000010 0.004287 0.000010 0.000010 0.990067
0.000010 0.000010 0.028151 0.000010 0.000010 0.971809
0.004647 0.000010 0.017728 0.000010 0.000010 0.977594
0.000010 0.000010 0.015932 0.145048 0.000010 0.838990
0.004554 0.000010 0.004406 0.095458 0.000010 0.895562
0.000010 0.012192 0.005807 0.174637 0.000010 0.807344
0.002576 0.000010 0.018010 0.008393 0.000010 0.971001
0.007826 0.000010 0.000010 0.223687 0.000010 0.768457
0.008858 0.003684 0.001894 0.000010 0.000010 0.985544
0.000010 0.000010 0.012258 0.050206 0.000010 0.937507
0.001157 0.000010 0.011566 0.023174 0.000010 0.964082
0.000010 0.000010 0.016451 0.030685 0.000010 0.952834
0.000010 0.002955 0.007851 0.059676 0.000010 0.929498
0.000010 0.000010 0.015475 0.000010 0.000010 0.984485
0.004902 0.000010 0.001412 0.000010 0.000010 0.993655
0.004604 0.000010 0.004191 0.000010 0.000010 0.991174
0.000010 0.000010 0.011662 0.000010 0.000010 0.988298
0.000010 0.021306 0.006067 0.185655 0.000010 0.786953
0.000010 0.000010 0.021874 0.082666 0.000010 0.895430
0.000286 0.000010 0.013827 0.046791 0.000010 0.939076
0.002576 0.000010 0.000010 0.120447 0.000010 0.876947
0.000506 0.000010 0.002848 0.234102 0.000010 0.762525
0.001861 0.000010 0.013680 0.000010 0.000010 0.984429
0.008938 0.000010 0.000010 0.069007 0.000010 0.922025
0.000010 0.000010 0.000010 0.134414 0.000010 0.865546
0.000010 0.006700 0.010802 0.012336 0.000010 0.970141
0.000010 0.000010 0.017986 0.126214 0.000010 0.855770
0.003848 0.000010 0.017690 0.046518 0.000010 0.931925
0.000010 0.000010 0.016600 0.000010 0.000010 0.983360
0.001393 0.000010 0.007603 0.000010 0.000010 0.990974
0.000010 0.000010 0.019874 0.000010 0.000010 0.980086
0.000010 0.000010 0.014082 0.000010 0.000010 0.985878
0.000010 0.000010 0.009345 0.005732 0.000010 0.984893
0.000010 0.000010 0.001409 0.054585 0.000010 0.943976
0.000011 0.000010 0.000010 0.128774 0.000010 0.871185
0.005590 0.000156 0.000057 0.129229 0.000010 0.864958
0.006722 0.000010 0.006298 0.127530 0.000010 0.859430
0.008357 0.000010 0.016380 0.156751 0.000010 0.818492
0.000018 0.000010 0.005746 0.143305 0.000010 0.850911
0.000010 0.000010 0.000164 0.077267 0.000010 0.922539
0.000010 0.000010 0.022470 0.049835 0.000010 0.927665
0.007970 0.000010 0.000010 0.166971 0.000010 0.825028
0.000013 0.000010 0.000054 0.042469 0.000010 0.957443
0.000010 0.000010 0.024222 0.119485 0.000010 0.856264
0.000010 0.014070 0.023619 0.295868 0.008547 0.657887
0.000010 0.000010 0.013176 0.004100 0.000010 0.982694
0.000010 0.000010 0.011047 0.000010 0.000010 0.988913
0.006380 0.000010 0.000010 0.325144 0.000010 0.668446
0.006935 0.000010 0.010253 0.061410 0.000010 0.921382
0.001593 0.000010 0.008195 0.146177 0.000010 0.844016
0.000010 0.000010 0.014988 0.001766 0.000010 0.983217
0.000010 0.000010 0.000010 0.338131 0.000010 0.661829
0.000014 0.000010 0.018295 0.055171 0.000010 0.926500
0.000010 0.000010 0.002489 0.032540 0.000010 0.964940
0.005022 0.000010 0.005028 0.145499 0.000010 0.844432
0.000015 0.000010 0.011562 0.099604 0.000010 0.888800
0.004664 0.000010 0.000010 0.103084 0.000010 0.892222
0.001710 0.000010 0.004527 0.000010 0.000010 0.993733
0.006247 0.000010 0.004197 0.107811 0.000010 0.881725
0.000377 0.000010 0.003355 0.000010 0.000010 0.996238
0.008974 0.000010 0.008635 0.082125 0.000010 0.900246
0.002513 0.000010 0.019375 0.066411 0.000010 0.911681
0.002208 0.000010 0.000010 0.000010 0.000010 0.997752
0.004545 0.001414 0.006925 0.065020 0.000010 0.922086
0.012657 0.000010 0.017646 0.121836 0.000010 0.847840
0.009073 0.000010 0.012315 0.000010 0.000010 0.978582
0.010395 0.000010 0.007998 0.000010 0.000010 0.981576
0.005810 0.003675 0.004264 0.070728 0.000010 0.915512
0.000010 0.000010 0.013900 0.042622 0.000010 0.943448
0.000010 0.000010 0.008245 0.000010 0.000010 0.991715
0.000010 0.000010 0.000010 0.131792 0.000010 0.868168
0.000010 0.000012 0.024267 0.047037 0.000010 0.928663
0.004137 0.000010 0.002348 0.080194 0.000010 0.913301
0.000010 0.000010 0.004217 0.252436 0.000010 0.743317
0.000010 0.000010 0.009779 0.065128 0.000010 0.925063
0.010451 0.000010 0.004829 0.000010 0.000010 0.984689
0.000010 0.000010 0.007293 0.000010 0.000010 0.992667
0.003084 0.000010 0.008660 0.057149 0.000010 0.931087
0.000010 0.000010 0.999950 0.000010 0.000010 0.000010
0.000010 0.000010 0.999950 0.000010 0.000010 0.000010
0.000010 0.000010 0.999950 0.000010 0.000010 0.000010
0.000010 0.000010 0.999950 0.000010 0.000010 0.000010
0.006501 0.000010 0.993459 0.000010 0.000010 0.000010
0.001452 0.000010 0.998508 0.000010 0.000010 0.000010
0.000010 0.000010 0.999950 0.000010 0.000010 0.000010
0.000010 0.000010 0.999950 0.000010 0.000010 0.000010
0.000010 0.000010 0.999950 0.000010 0.000010 0.000010
0.000010 0.000010 0.999950 0.000010 0.000010 0.000010
0.000010 0.000010 0.999950 0.000010 0.000010 0.000010
0.000010 0.000010 0.999950 0.000010 0.000010 0.000010
0.000010 0.000010 0.999950 0.000010 0.000010 0.000010
0.004380 0.000010 0.993385 0.000010 0.000010 0.002205
0.000010 0.000010 0.999950 0.000010 0.000010 0.000010
0.000010 0.000010 0.999950 0.000010 0.000010 0.000010
0.005151 0.000010 0.994809 0.000010 0.000010 0.000010
0.005114 0.000010 0.994846 0.000010 0.000010 0.000010
0.000611 0.000010 0.999349 0.000010 0.000010 0.000010
0.000010 0.000010 0.999950 0.000010 0.000010 0.000010
0.000010 0.000010 0.999950 0.000010 0.000010 0.000010
0.004644 0.000010 0.995316 0.000010 0.000010 0.000010
0.000010 0.000010 0.999950 0.000010 0.000010 0.000010
0.007108 0.000010 0.992852 0.000010 0.000010 0.000010
0.000010 0.000010 0.999950 0.000010 0.000010 0.000010
0.000010 0.000010 0.999950 0.000010 0.000010 0.000010
0.000010 0.000010 0.999950 0.000010 0.000010 0.000010
0.000010 0.000010 0.999950 0.000010 0.000010 0.000010
0.000019 0.000010 0.999941 0.000010 0.000010 0.000010
0.000010 0.000010 0.999950 0.000010 0.000010 0.000010
0.002258 0.000010 0.997702 0.000010 0.000010 0.000010
0.000010 0.000010 0.999950 0.000010 0.000010 0.000010
0.000010 0.000010 0.999950 0.000010 0.000010 0.000010
0.002926 0.000010 0.997034 0.000010 0.000010 0.000010
0.003708 0.000010 0.996252 0.000010 0.000010 0.000010
0.000010 0.000010 0.999950 0.000010 0.000010 0.000010
0.000010 0.000010 0.999950 0.000010 0.000010 0.000010
0.005214 0.000010 0.994746 0.000010 0.000010 0.000010
0.000010 0.000010 0.999950 0.000010 0.000010 0.000010
0.000010 0.000010 0.999950 0.000010 0.000010 0.000010
0.000010 0.000010 0.999950 0.000010 0.000010 0.000010
0.000010 0.000010 0.999950 0.000010 0.000010 0.000010
0.153851 0.000010 0.019793 0.741841 0.084495 0.000010
0.203121 0.011989 0.006287 0.602434 0.176159 0.000010
0.118735 0.015758 0.010032 0.780864 0.074602 0.000010
0.001792 0.000010 0.998168 0.000010 0.000010 0.000010
0.000010 0.000010 0.999950 0.000010 0.000010 0.000010
0.006607 0.000010 0.993353 0.000010 0.000010 0.000010
0.000010 0.000010 0.999950 0.000010 0.000010 0.000010
0.000010 0.000010 0.999950 0.000010 0.000010 0.000010
0.000010 0.000010 0.999950 0.000010 0.000010 0.000010
0.000010 0.000010 0.999950 0.000010 0.000010 0.000010
0.000010 0.000010 0.999950 0.000010 0.000010 0.000010
0.000010 0.000010 0.999950 0.000010 0.000010 0.000010
0.000010 0.000010 0.999950 0.000010 0.000010 0.000010
0.002440 0.000010 0.997520 0.000010 0.000010 0.000010
0.000010 0.007466 0.992494 0.000010 0.000010 0.000010
0.018503 0.000010 0.972564 0.000010 0.000010 0.008903
0.000010 0.000010 0.999950 0.000010 0.000010 0.000010
0.000010 0.000010 0.999950 0.000010 0.000010 0.000010
0.000010 0.000010 0.999950 0.000010 0.000010 0.000010
0.000010 0.000010 0.999950 0.000010 0.000010 0.000010
0.004966 0.000010 0.994994 0.000010 0.000010 0.000010
0.000010 0.000010 0.999950 0.000010 0.000010 0.000010
0.000010 0.000010 0.999950 0.000010 0.000010 0.000010
0.000010 0.000010 0.999950 0.000010 0.000010 0.000010
0.000648 0.000010 0.999312 0.000010 0.000010 0.000010
0.000010 0.000010 0.999950 0.000010 0.000010 0.000010
0.001756 0.000010 0.998204 0.000010 0.000010 0.000010
0.000010 0.000010 0.999950 0.000010 0.000010 0.000010
0.000010 0.000010 0.999950 0.000010 0.000010 0.000010
0.002754 0.000010 0.971166 0.005836 0.015606 0.004628
0.000010 0.000010 0.999950 0.000010 0.000010 0.000010
0.001478 0.006780 0.991712 0.000010 0.000010 0.000010
0.000010 0.000010 0.999950 0.000010 0.000010 0.000010
0.000010 0.000010 0.999950 0.000010 0.000010 0.000010
0.000010 0.000010 0.999950 0.000010 0.000010 0.000010
0.000010 0.000010 0.999950 0.000010 0.000010 0.000010
0.000010 0.000010 0.999950 0.000010 0.000010 0.000010
0.000010 0.000010 0.999950 0.000010 0.000010 0.000010
0.153254 0.009478 0.008979 0.684140 0.144139 0.000010
0.152683 0.014671 0.006068 0.651873 0.174695 0.000010
0.116972 0.005537 0.018215 0.785983 0.073283 0.000010
0.168264 0.013218 0.011536 0.722470 0.084502 0.000010
0.000018 0.000010 0.999942 0.000010 0.000010 0.000010
0.000010 0.000010 0.999950 0.000010 0.000010 0.000010
0.000010 0.000010 0.999950 0.000010 0.000010 0.000010
0.000010 0.000010 0.999950 0.000010 0.000010 0.000010
0.000010 0.000010 0.999950 0.000010 0.000010 0.000010
0.000010 0.000010 0.999950 0.000010 0.000010 0.000010
0.000010 0.000010 0.999950 0.000010 0.000010 0.000010
0.000010 0.000010 0.999950 0.000010 0.000010 0.000010
0.000010 0.000010 0.999950 0.000010 0.000010 0.000010
0.000156 0.000010 0.996912 0.002178 0.000010 0.000733
0.000010 0.000010 0.999950 0.000010 0.000010 0.000010
0.000010 0.000010 0.999950 0.000010 0.000010 0.000010
0.000428 0.000010 0.999532 0.000010 0.000010 0.000010
0.000529 0.000010 0.999431 0.000010 0.000010 0.000010
0.000010 0.000010 0.999950 0.000010 0.000010 0.000010
0.000010 0.000010 0.999950 0.000010 0.000010 0.000010
0.001632 0.000010 0.998328 0.000010 0.000010 0.000010
0.001906 0.000010 0.998054 0.000010 0.000010 0.000010
0.000010 0.000010 0.999950 0.000010 0.000010 0.000010
0.000010 0.000010 0.999950 0.000010 0.000010 0.000010
0.002025 0.000010 0.997935 0.000010 0.000010 0.000010
0.000010 0.000010 0.999950 0.000010 0.000010 0.000010
0.000010 0.000012 0.999948 0.000010 0.000010 0.000010
0.000010 0.000010 0.999950 0.000010 0.000010 0.000010
0.000010 0.000010 0.999950 0.000010 0.000010 0.000010
0.000013 0.000010 0.999947 0.000010 0.000010 0.000010
0.000018 0.000010 0.999942 0.000010 0.000010 0.000010
0.000010 0.000010 0.999950 0.000010 0.000010 0.000010
0.087454 0.000010 0.010502 0.863407 0.023375 0.015253
0.139898 0.000010 0.014835 0.799617 0.045630 0.000010
0.206568 0.000010 0.006455 0.662360 0.114050 0.010557
0.120358 0.000055 0.004604 0.777515 0.055960 0.041508
0.108206 0.000010 0.006546 0.766979 0.081957 0.036302
0.062332 0.000010 0.000010 0.704729 0.045452 0.187466
0.160082 0.002161 0.000010 0.721314 0.116424 0.000010
0.066007 0.000010 0.000010 0.866925 0.064335 0.002712
0.226561 0.000010 0.016878 0.677772 0.078769 0.000010
0.000010 0.007512 0.992448 0.000010 0.000010 0.000010
0.000010 0.000010 0.999950 0.000010 0.000010 0.000010
0.000016 0.008379 0.991574 0.000010 0.000010 0.000010
0.000010 0.000010 0.999950 0.000010 0.000010 0.000010
0.000010 0.012356 0.987604 0.000010 0.000010 0.000010
0.000010 0.000010 0.999950 0.000010 0.000010 0.000010
0.000010 0.001794 0.998166 0.000010 0.000010 0.000010
0.000010 0.002213 0.997747 0.000010 0.000010 0.000010
0.001282 0.003445 0.995243 0.000010 0.000010 0.000010
0.000010 0.011363 0.988597 0.000010 0.000010 0.000010
0.000010 0.000010 0.999950 0.000010 0.000010 0.000010
0.000010 0.000010 0.999950 0.000010 0.000010 0.000010
0.000010 0.000010 0.999950 0.000010 0.000010 0.000010
0.000010 0.011836 0.988124 0.000010 0.000010 0.000010
0.000010 0.000010 0.999950 0.000010 0.000010 0.000010
0.103737 0.000010 0.007812 0.783436 0.078544 0.026461
0.153688 0.000010 0.011784 0.732902 0.101606 0.000010
0.139303 0.000010 0.004752 0.589862 0.228675 0.037398
0.201277 0.017759 0.008401 0.554398 0.207996 0.010170
0.188275 0.000010 0.007691 0.563414 0.224360 0.016250
0.172632 0.000010 0.013498 0.751076 0.062774 0.000010
0.114880 0.002546 0.002096 0.740283 0.124606 0.015590
0.154182 0.007039 0.007893 0.690981 0.118709 0.021196
0.122800 0.000010 0.011368 0.755432 0.089552 0.020839
0.150132 0.000010 0.000774 0.783193 0.065881 0.000010
0.134629 0.000010 0.009364 0.511058 0.344929 0.000010
0.124449 0.000010 0.020045 0.688933 0.166554 0.000010
0.136952 0.000010 0.018185 0.763111 0.066886 0.014855
0.149459 0.000010 0.013777 0.761465 0.075279 0.000010
0.168665 0.000010 0.002272 0.750874 0.078168 0.000010
0.162847 0.000010 0.000010 0.778882 0.058241 0.000010
0.157786 0.003979 0.003375 0.757000 0.077850 0.000010
0.148540 0.000010 0.013319 0.751500 0.086621 0.000010
0.067829 0.018254 0.013791 0.765343 0.089312 0.045471
0.189528 0.000010 0.020335 0.577316 0.189014 0.023797
0.139185 0.010812 0.001887 0.674611 0.173495 0.000010
0.221143 0.009332 0.000010 0.679653 0.089852 0.000010
0.150990 0.000010 0.021578 0.603946 0.207086 0.016390
0.180506 0.000010 0.000010 0.720421 0.099044 0.000010
0.135997 0.007873 0.004961 0.716927 0.119227 0.015015
0.202693 0.000399 0.000786 0.668474 0.127637 0.000010
0.131784 0.000010 0.006661 0.657451 0.191592 0.012502
0.150494 0.011041 0.004599 0.659228 0.138244 0.036395
0.137507 0.022221 0.011728 0.592440 0.236094 0.000010
0.142104 0.008311 0.006425 0.706508 0.125947 0.010704
0.139542 0.010974 0.012684 0.722433 0.101087 0.013279
0.163602 0.000010 0.005880 0.732913 0.097586 0.000010
0.150939 0.000010 0.004682 0.746322 0.098037 0.000010
0.177028 0.000010 0.005553 0.674285 0.143114 0.000010
0.137886 0.000010 0.000010 0.662065 0.167408 0.032622
0.125832 0.000237 0.020187 0.767593 0.086141 0.000010
0.086365 0.000010 0.011502 0.760244 0.085308 0.056571
0.124105 0.000010 0.010652 0.648233 0.216991 0.000010
0.148430 0.006061 0.005973 0.678216 0.133276 0.028042
0.160090 0.000010 0.003788 0.706508 0.114217 0.015387
0.077087 0.004381 0.005349 0.892702 0.020471 0.000010
0.296541 0.000010 0.016790 0.683708 0.002940 0.000010
0.131204 0.000010 0.010200 0.818280 0.038616 0.001689
0.312121 0.011169 0.005706 0.594158 0.041597 0.035249
0.236182 0.000010 0.000010 0.626841 0.063640 0.073317
0.308075 0.012933 0.004894 0.489831 0.134195 0.050072
0.266408 0.000908 0.010019 0.607460 0.088229 0.026976
0.261154 0.004501 0.002670 0.656660 0.057840 0.017175
0.265403 0.013350 0.013797 0.652538 0.054902 0.000010
0.178797 0.000010 0.005414 0.777291 0.018954 0.019534
0.234593 0.000010 0.009208 0.590744 0.120508 0.044937
0.275684 0.000010 0.008502 0.605406 0.092883 0.017515
0.356747 0.000010 0.011323 0.609741 0.022169 0.000010
0.299877 0.000010 0.000010 0.509796 0.190297 0.000010
0.283158 0.019817 0.001971 0.628060 0.034353 0.032641
0.374224 0.007687 0.014340 0.429243 0.174496 0.000010
0.267443 0.003522 0.000010 0.650757 0.050462 0.027806
0.444325 0.000393 0.017830 0.440970 0.096471 0.000010
0.169978 0.004525 0.011152 0.641490 0.172846 0.000010
0.171463 0.007043 0.002089 0.719291 0.096463 0.003652
0.126422 0.000010 0.009932 0.766240 0.097386 0.000010
0.138181 0.002471 0.004954 0.563050 0.235637 0.055707
0.065220 0.046565 0.000010 0.863113 0.025082 0.000010
0.166423 0.000010 0.004573 0.693285 0.130988 0.004721
0.149571 0.007995 0.004721 0.611467 0.189007 0.037239
0.063353 0.000010 0.007170 0.858437 0.064947 0.006083
0.129112 0.006992 0.009090 0.773727 0.060357 0.020723
0.169200 0.000010 0.006042 0.687890 0.094614 0.042244
0.188773 0.010172 0.019913 0.703481 0.077652 0.000010
0.157603 0.005146 0.005425 0.675471 0.149849 0.006506
0.174354 0.000010 0.011955 0.698376 0.113033 0.002271
0.243246 0.000010 0.005987 0.534937 0.201124 0.014696
0.213040 0.000010 0.029110 0.541276 0.216555 0.000010
0.215922 0.004213 0.016525 0.612195 0.151136 0.000010
0.214160 0.005296 0.007432 0.680815 0.092288 0.000010
0.166931 0.000010 0.001949 0.765608 0.065492 0.000010
0.153594 0.000010 0.000010 0.654318 0.192058 0.000010
0.110199 0.000010 0.009999 0.838247 0.041535 0.000010
0.125383 0.005277 0.019710 0.750269 0.099351 0.000010
0.125427 0.000010 0.010993 0.746262 0.115542 0.001767
0.171253 0.000010 0.014452 0.607431 0.191877 0.014977
0.117639 0.014394 0.000042 0.754920 0.112931 0.000074
0.328903 0.007279 0.009577 0.569257 0.073542 0.011442
0.267934 0.001519 0.016528 0.693215 0.020794 0.000010
0.245784 0.001257 0.017744 0.677671 0.046728 0.010814
0.289317 0.000010 0.005692 0.512623 0.181736 0.010621
0.186492 0.000010 0.010826 0.786676 0.007859 0.008137
0.313714 0.013817 0.002619 0.626627 0.011032 0.032191
0.125211 0.000010 0.018553 0.818397 0.023133 0.014696
0.322682 0.008210 0.000154 0.544421 0.124522 0.000010
0.274136 0.000010 0.007521 0.646322 0.072001 0.000010
0.266634 0.000010 0.000010 0.653171 0.077434 0.002741
0.312546 0.005394 0.011456 0.488320 0.182274 0.000010
0.370240 0.009315 0.006345 0.604031 0.006837 0.003233
0.296401 0.002384 0.002506 0.670178 0.013832 0.014700
0.262270 0.000010 0.016115 0.693307 0.028288 0.000010
0.236048 0.006590 0.011060 0.682383 0.063909 0.000010
0.154889 0.000010 0.003333 0.601716 0.240041 0.000010
0.198525 0.001092 0.012290 0.656481 0.131601 0.000010
0.185073 0.008059 0.019941 0.638963 0.126411 0.021553
0.187922 0.000010 0.005437 0.641232 0.147973 0.017426
0.162557 0.000010 0.009420 0.595731 0.232272 0.000010
0.089306 0.000010 0.018258 0.757572 0.091317 0.043536
0.144710 0.000010 0.008248 0.723123 0.123899 0.000010
0.164562 0.000010 0.015921 0.701237 0.118261 0.000010
0.105651 0.000070 0.007687 0.730764 0.138773 0.017055
0.207488 0.000010 0.011819 0.680749 0.099924 0.000010
0.003085 0.000940 0.000010 0.656960 0.000010 0.338994
0.610269 0.005760 0.014645 0.367194 0.000010 0.002122
0.229477 0.000010 0.015386 0.390529 0.351719 0.012879
0.408395 0.000466 0.005899 0.506896 0.029192 0.049152
0.236766 0.007634 0.008486 0.691569 0.047998 0.007547
0.403658 0.017300 0.011530 0.528407 0.039096 0.000010
0.396190 0.000010 0.001002 0.491686 0.069780 0.041332
0.302198 0.000010 0.001642 0.663403 0.011885 0.020862
0.202074 0.000010 0.000010 0.757624 0.033184 0.007098
0.167276 0.000010 0.002213 0.795060 0.017355 0.018086
0.320230 0.000010 0.005565 0.566530 0.052175 0.055490
0.286124 0.000010 0.015315 0.628980 0.015466 0.054105
0.262845 0.017814 0.000010 0.669042 0.037887 0.012403
0.246516 0.016879 0.008026 0.661709 0.061645 0.005226
0.240269 0.000010 0.009622 0.604585 0.145504 0.000010
0.328962 0.000010 0.021723 0.490379 0.158916 0.000010
0.287476 0.016245 0.000010 0.511486 0.144701 0.040083
0.263304 0.000010 0.018098 0.593802 0.116958 0.007828
0.522708 0.000010 0.010683 0.342011 0.124578 0.000010
0.338946 0.000010 0.007741 0.617912 0.035381 0.000010
0.273400 0.000010 0.008229 0.706974 0.011378 0.000010
0.306583 0.000010 0.016998 0.537811 0.131691 0.006907
0.304311 0.011224 0.013368 0.562535 0.103427 0.005134
0.387311 0.000010 0.024724 0.546911 0.041035 0.000010
0.255275 0.002956 0.000010 0.690312 0.028773 0.022673
0.231581 0.000010 0.014133 0.696746 0.057519 0.000010
0.143279 0.017283 0.008520 0.778565 0.052342 0.000010
0.305781 0.000010 0.007694 0.399746 0.285028 0.001742
0.193880 0.000142 0.008822 0.631323 0.162546 0.003287
0.147141 0.001128 0.019097 0.612618 0.206845 0.013171
0.147793 0.000010 0.000837 0.772471 0.078879 0.000010
0.205090 0.009499 0.008889 0.603455 0.173057 0.000010
0.167673 0.010025 0.000010 0.639062 0.183220 0.000010
0.196941 0.008234 0.015691 0.611866 0.161560 0.005707
0.175136 0.009076 0.016891 0.631296 0.167591 0.000010
0.117352 0.017200 0.010656 0.735326 0.100408 0.019059
0.235712 0.000010 0.000010 0.678284 0.085973 0.000010
0.197793 0.004417 0.013429 0.643622 0.140730 0.000010
0.180901 0.010685 0.007546 0.630652 0.120685 0.049532
0.287978 0.012517 0.011184 0.567649 0.115715 0.004956
0.250530 0.000010 0.020778 0.701460 0.027212 0.000010
0.536443 0.000010 0.011237 0.390254 0.048986 0.013070
0.125711 0.000010 0.009367 0.837185 0.012802 0.014925
0.235510 0.000010 0.000362 0.520124 0.176911 0.067083
0.406800 0.013182 0.015078 0.539156 0.014757 0.011026
0.566497 0.000010 0.000010 0.383422 0.047652 0.002409
0.303049 0.000010 0.007932 0.597326 0.091672 0.000010
0.252430 0.017154 0.024100 0.607190 0.065192 0.033934
0.395417 0.000010 0.015557 0.561356 0.027649 0.000010
0.404726 0.007673 0.004398 0.511336 0.052246 0.019622
0.427813 0.004307 0.005738 0.505150 0.032717 0.024274
0.395069 0.011640 0.002322 0.420907 0.170051 0.000010
0.319037 0.009984 0.010332 0.365138 0.283282 0.012228
0.329410 0.006198 0.000010 0.470496 0.193877 0.000010
0.200975 0.000010 0.011075 0.776047 0.011882 0.000010
0.199271 0.000010 0.000010 0.780054 0.020645 0.000010
0.175692 0.000010 0.003897 0.781400 0.020970 0.018032
0.156941 0.000010 0.000010 0.820062 0.022967 0.000010
0.271204 0.009817 0.006044 0.339691 0.343993 0.029251
0.365726 0.000010 0.006650 0.587797 0.039807 0.000010
0.144287 0.011467 0.002139 0.622867 0.149574 0.069666
0.130621 0.030834 0.000583 0.811858 0.012035 0.014068
0.178535 0.001003 0.013869 0.792407 0.014176 0.000010
0.211924 0.008025 0.005778 0.747428 0.026834 0.000010
0.432932 0.004354 0.018351 0.452046 0.087836 0.004480
0.376600 0.004559 0.024601 0.456891 0.119639 0.017711
0.369750 0.000010 0.004561 0.560004 0.065665 0.000010
0.363981 0.000010 0.015139 0.579085 0.041775 0.000010
0.004588 0.007742 0.004258 0.894583 0.014035 0.074793
0.000010 0.000010 0.004791 0.856355 0.019895 0.118939
0.000010 0.002178 0.002424 0.900859 0.007369 0.087160
0.002092 0.000010 0.012638 0.900968 0.012921 0.071371
0.001083 0.007391 0.000010 0.885417 0.013102 0.092998
0.007938 0.000010 0.000010 0.893755 0.008057 0.090230
0.000010 0.005272 0.000010 0.890167 0.022819 0.081722
0.003367 0.004807 0.000010 0.899880 0.011546 0.080389
0.000010 0.003137 0.001301 0.899557 0.002625 0.093370
0.000010 0.000010 0.000010 0.890433 0.002863 0.106674
0.000010 0.000010 0.000010 0.920794 0.000010 0.079166
0.000010 0.000010 0.000010 0.885073 0.000010 0.114887
0.000010 0.000010 0.000010 0.880818 0.000010 0.119142
0.000010 0.000010 0.000010 0.872760 0.000010 0.127200
0.000010 0.000010 0.000010 0.902326 0.000010 0.097634
0.000010 0.000010 0.000010 0.864996 0.000010 0.134964
0.000010 0.009561 0.004397 0.906699 0.008729 0.070604
0.000010 0.000010 0.011605 0.914836 0.015682 0.057857
0.005455 0.005362 0.000010 0.895177 0.029169 0.064826
0.000010 0.000010 0.004873 0.896871 0.016528 0.081709
0.005184 0.004734 0.007160 0.862010 0.019906 0.101005
0.000010 0.000010 0.000010 0.888543 0.016528 0.094899
0.002299 0.000010 0.000010 0.839121 0.007776 0.150784
0.000010 0.006991 0.010259 0.846639 0.006266 0.129834
0.231519 0.000010 0.021264 0.693043 0.054154 0.000010
0.237528 0.000010 0.014405 0.369903 0.378144 0.000010
0.321352 0.020032 0.023344 0.410012 0.225250 0.000010
0.720304 0.000010 0.001230 0.253054 0.000010 0.025392
0.477586 0.000010 0.002998 0.438688 0.014250 0.066468
0.690917 0.000010 0.000010 0.300777 0.000010 0.008276
0.999950 0.000010 0.000010 0.000010 0.000010 0.000010
0.452356 0.016669 0.002119 0.444921 0.061810 0.022125
0.628605 0.000010 0.000010 0.339414 0.000010 0.031952
0.004521 0.729286 0.000010 0.152124 0.000010 0.114049
0.012487 0.708784 0.003000 0.171674 0.000010 0.104045
0.016677 0.692713 0.000010 0.192740 0.000010 0.097849
0.000010 0.664228 0.000010 0.251973 0.000010 0.083769
0.000010 0.008066 0.991894 0.000010 0.000010 0.000010
0.000010 0.039944 0.958317 0.000011 0.000010 0.001708
0.000345 0.014855 0.977666 0.007114 0.000010 0.000010
0.000010 0.022035 0.975854 0.002081 0.000010 0.000010
0.000010 0.022704 0.977256 0.000010 0.000010 0.000010
0.000010 0.019207 0.980753 0.000010 0.000010 0.000010
0.000760 0.001267 0.000010 0.874935 0.015029 0.107999
0.000010 0.000192 0.002037 0.872432 0.017258 0.108070
0.001581 0.000012 0.000010 0.887433 0.009914 0.101050
0.002498 0.000010 0.000010 0.856864 0.011130 0.129489
0.000974 0.010963 0.008716 0.891375 0.007636 0.080336
0.004662 0.000010 0.000010 0.904346 0.015592 0.075380
0.000010 0.000010 0.002912 0.909504 0.012585 0.074978
0.000010 0.000010 0.009779 0.870677 0.022659 0.096865
0.003913 0.016418 0.000010 0.895830 0.006882 0.076947
0.000010 0.016953 0.000010 0.889173 0.004803 0.089051
0.000010 0.003865 0.011389 0.888084 0.013614 0.083038
0.017949 0.000010 0.004823 0.888249 0.008442 0.080528
0.000010 0.016301 0.000010 0.892091 0.008609 0.082979
0.003487 0.000010 0.009700 0.875976 0.018883 0.091944
0.002544 0.004321 0.004396 0.918324 0.013423 0.056992
0.003612 0.000010 0.014004 0.932627 0.018069 0.031678
0.007755 0.000010 0.000010 0.888891 0.009223 0.094111
0.000010 0.000010 0.018947 0.918123 0.018762 0.044147
0.008126 0.000010 0.000010 0.898718 0.057106 0.036031
0.000010 0.002281 0.005870 0.913127 0.045098 0.033613
0.001409 0.000010 0.008631 0.927457 0.000010 0.062483
0.000010 0.009177 0.008568 0.871870 0.008037 0.102338
0.000010 0.007516 0.002020 0.837163 0.030063 0.123228
0.000976 0.000010 0.000010 0.859284 0.041427 0.098293
0.000010 0.002376 0.015081 0.905244 0.001498 0.075791
0.004073 0.000010 0.001056 0.885216 0.005266 0.104378
0.000010 0.010836 0.000010 0.927942 0.000010 0.061192
0.000010 0.009681 0.000010 0.923757 0.004280 0.062263
0.000010 0.000010 0.000010 0.905663 0.001000 0.093307
0.000010 0.000010 0.004695 0.965199 0.000010 0.030075
0.000010 0.000010 0.005857 0.930892 0.009580 0.053651
0.000010 0.000010 0.000010 0.866228 0.008519 0.125223
0.000010 0.000010 0.000010 0.905968 0.004898 0.089104
0.000010 0.000010 0.000956 0.864061 0.003842 0.131122
0.002923 0.000010 0.000010 0.860033 0.022317 0.114707
0.000010 0.000010 0.009135 0.814248 0.011810 0.164787
0.000010 0.009507 0.005150 0.875998 0.047731 0.061604
0.001264 0.000045 0.007738 0.873021 0.049548 0.068383
0.007415 0.015292 0.000010 0.900790 0.022727 0.053766
0.000010 0.000010 0.007954 0.915419 0.022866 0.053741
0.000381 0.000010 0.002866 0.901495 0.000010 0.095239
0.000010 0.000010 0.000010 0.925813 0.000010 0.074147
0.002442 0.000010 0.008362 0.891165 0.023317 0.074703
0.000010 0.000010 0.010079 0.873717 0.019538 0.096646
0.000010 0.000010 0.006502 0.869689 0.010999 0.112790
0.000010 0.000010 0.007443 0.849573 0.017749 0.125215
0.000010 0.000010 0.001819 0.857337 0.019977 0.120847
0.000010 0.009230 0.005973 0.859818 0.017290 0.107678
0.000010 0.000010 0.000010 0.912233 0.007854 0.079883
0.009517 0.000010 0.000010 0.903340 0.009439 0.077685
0.000010 0.000010 0.013036 0.899482 0.012784 0.074678
0.000010 0.015160 0.002092 0.907506 0.018672 0.056560
0.000010 0.003522 0.000010 0.892190 0.007396 0.096872
0.000010 0.000010 0.000938 0.858620 0.007236 0.133187
0.002997 0.000010 0.000010 0.888864 0.016226 0.091894
0.000550 0.013427 0.006285 0.871685 0.029281 0.078772
0.001304 0.000010 0.000010 0.921262 0.019691 0.057722
0.000010 0.000010 0.006377 0.917871 0.020276 0.055456
0.000010 0.000010 0.000010 0.910096 0.010595 0.079279
0.000010 0.000010 0.000010 0.923032 0.002336 0.074602
0.000010 0.017663 0.001437 0.906793 0.002380 0.071718
0.001887 0.000010 0.000010 0.867281 0.007260 0.123553
0.000010 0.003807 0.000928 0.851232 0.002584 0.141439
0.000010 0.000012 0.007201 0.878551 0.000010 0.114216
0.000010 0.000010 0.000010 0.853448 0.000010 0.146512
0.000010 0.000010 0.008862 0.892206 0.007132 0.091781
0.000010 0.000010 0.000922 0.876299 0.017076 0.105682
0.000010 0.000010 0.006452 0.900815 0.011886 0.080826
0.000010 0.001161 0.000010 0.839540 0.000010 0.159269
0.000818 0.007346 0.000010 0.862238 0.000010 0.129578
0.000010 0.000010 0.000010 0.687492 0.000010 0.312468
0.000010 0.000014 0.000010 0.676312 0.000010 0.323644
0.000010 0.001432 0.000010 0.674723 0.000010 0.323815
0.000010 0.000010 0.999950 0.000010 0.000010 0.000010
0.000019 0.011321 0.988630 0.000010 0.000010 0.000010
0.000010 0.000010 0.999950 0.000010 0.000010 0.000010
0.000010 0.010229 0.989731 0.000010 0.000010 0.000010
0.006146 0.000010 0.993814 0.000010 0.000010 0.000010
0.000010 0.000010 0.999950 0.000010 0.000010 0.000010
0.000010 0.002958 0.997002 0.000010 0.000010 0.000010
0.000010 0.007161 0.992798 0.000011 0.000010 0.000010
0.000016 0.008814 0.991140 0.000010 0.000010 0.000010
0.000010 0.000010 0.999950 0.000010 0.000010 0.000010
0.000010 0.000010 0.999950 0.000010 0.000010 0.000010
0.000010 0.000010 0.999950 0.000010 0.000010 0.000010
0.000010 0.000619 0.999341 0.000010 0.000010 0.000010
0.000010 0.003951 0.996009 0.000010 0.000010 0.000010
0.000010 0.000010 0.999950 0.000010 0.000010 0.000010
0.000010 0.001192 0.998766 0.000012 0.000010 0.000010
0.000010 0.000010 0.999950 0.000010 0.000010 0.000010
0.000010 0.000010 0.999950 0.000010 0.000010 0.000010
0.000011 0.006558 0.993401 0.000010 0.000010 0.000010
0.001654 0.009899 0.988416 0.000010 0.000010 0.000010
0.000010 0.000010 0.999950 0.000010 0.000010 0.000010
0.000010 0.006834 0.993126 0.000010 0.000010 0.000010
0.000010 0.022338 0.977622 0.000010 0.000010 0.000010
0.000010 0.016635 0.977529 0.005805 0.000010 0.000010
0.000010 0.015375 0.979203 0.000012 0.000010 0.005390
0.000010 0.019423 0.980537 0.000010 0.000010 0.000010
0.000010 0.028511 0.970107 0.001352 0.000010 0.000010
0.000010 0.020507 0.979453 0.000010 0.000010 0.000010
0.000010 0.040817 0.959143 0.000010 0.000010 0.000010
0.000010 0.031656 0.968304 0.000010 0.000010 0.000010
0.000013 0.030803 0.969150 0.000014 0.000010 0.000010
0.000010 0.035874 0.960739 0.002868 0.000010 0.000499
0.000011 0.019780 0.972532 0.007657 0.000010 0.000010
0.000010 0.016918 0.983042 0.000010 0.000010 0.000010
0.002726 0.033424 0.963820 0.000010 0.000010 0.000010
0.000010 0.020935 0.975700 0.003335 0.000010 0.000010
0.000010 0.035314 0.964646 0.000010 0.000010 0.000010
0.000010 0.029664 0.970296 0.000010 0.000010 0.000010
0.000010 0.031254 0.968704 0.000012 0.000010 0.000010
0.000010 0.012858 0.987102 0.000010 0.000010 0.000010
0.000010 0.017265 0.982695 0.000010 0.000010 0.000010
0.000010 0.025662 0.973995 0.000010 0.000010 0.000313
0.000010 0.024229 0.972840 0.000014 0.000010 0.002898
0.000010 0.018162 0.981798 0.000010 0.000010 0.000010
0.000010 0.022946 0.977014 0.000010 0.000010 0.000010
0.000010 0.012199 0.984478 0.000010 0.000010 0.003293
0.000010 0.036248 0.963712 0.000010 0.000010 0.000010
0.000010 0.031405 0.959749 0.008816 0.000010 0.000010
0.000010 0.026179 0.973781 0.000010 0.000010 0.000010
0.000010 0.004012 0.988540 0.000010 0.000010 0.007418
0.000010 0.011714 0.981947 0.000010 0.000010 0.006309
0.000010 0.036441 0.960181 0.000010 0.000010 0.003348
0.003558 0.020950 0.975462 0.000010 0.000010 0.000010
0.000010 0.018744 0.979550 0.000010 0.000010 0.001676
0.000010 0.033410 0.966550 0.000010 0.000010 0.000010
0.000010 0.023011 0.972392 0.004567 0.000010 0.000010
0.002406 0.011893 0.004388 0.100995 0.839574 0.040743
0.004472 0.303877 0.066793 0.034953 0.543058 0.046847
0.000010 0.000010 0.005318 0.021968 0.961201 0.011493
0.000010 0.007606 0.000010 0.094008 0.849456 0.048910
0.000010 0.000422 0.000010 0.048593 0.941652 0.009313
0.000010 0.000010 0.000010 0.101049 0.882138 0.016782
0.000010 0.000010 0.000010 0.031344 0.968616 0.000010
0.000010 0.003145 0.000010 0.104684 0.876529 0.015621
0.748369 0.000010 0.000010 0.171924 0.079677 0.000010
0.585071 0.000010 0.000010 0.294460 0.120438 0.000010
0.000010 0.000010 0.004483 0.070394 0.902992 0.022111
0.000010 0.000010 0.000010 0.016775 0.963863 0.019332
0.000010 0.000868 0.000010 0.044220 0.905993 0.048899
0.000010 0.014205 0.000010 0.080337 0.848172 0.057266
0.000010 0.007769 0.002030 0.044347 0.925089 0.020755
0.903056 0.000010 0.000010 0.064723 0.000010 0.032191
0.817652 0.003077 0.000010 0.170824 0.000010 0.008426
0.999950 0.000010 0.000010 0.000010 0.000010 0.000010
0.787508 0.000010 0.000014 0.171052 0.000010 0.041407
0.999950 0.000010 0.000010 0.000010 0.000010 0.000010
0.711885 0.000010 0.061355 0.109570 0.117009 0.000170
0.999950 0.000010 0.000010 0.000010 0.000010 0.000010
0.999950 0.000010 0.000010 0.000010 0.000010 0.000010
0.856168 0.000010 0.000010 0.143792 0.000010 0.000010
0.662495 0.009532 0.046599 0.169441 0.089753 0.022181
0.772653 0.000010 0.000010 0.199894 0.000010 0.027423
0.684181 0.003250 0.006682 0.243673 0.030926 0.031288
0.999950 0.000010 0.000010 0.000010 0.000010 0.000010
0.815831 0.000010 0.000010 0.163677 0.000010 0.020462
0.851223 0.000010 0.000266 0.072038 0.067010 0.009453
0.878594 0.000010 0.000010 0.121366 0.000010 0.000010
0.550861 0.000010 0.376966 0.064340 0.000010 0.007813
0.815300 0.002190 0.000010 0.163857 0.000010 0.018634
0.642368 0.023147 0.011033 0.297757 0.025685 0.000010
0.677156 0.003744 0.052916 0.094808 0.171366 0.000010
0.886767 0.000010 0.006434 0.051978 0.054801 0.000010
0.999950 0.000010 0.000010 0.000010 0.000010 0.000010
0.941333 0.000010 0.000010 0.058627 0.000010 0.000010
0.959712 0.000010 0.000010 0.000010 0.000010 0.040248
0.001305 0.002149 0.000010 0.064968 0.918126 0.013442
0.004028 0.006855 0.000010 0.105747 0.853059 0.030301
0.999950 0.000010 0.000010 0.000010 0.000010 0.000010
0.623278 0.001284 0.006001 0.262245 0.085034 0.022158
0.671048 0.000010 0.000010 0.311033 0.000010 0.017889
0.999950 0.000010 0.000010 0.000010 0.000010 0.000010
0.702375 0.000010 0.000010 0.271914 0.000010 0.025681
0.597147 0.000010 0.003356 0.191205 0.160271 0.048010
0.854369 0.000010 0.000010 0.115393 0.026674 0.003543
0.999950 0.000010 0.000010 0.000010 0.000010 0.000010
0.711835 0.003606 0.000010 0.264794 0.000010 0.019745
0.839486 0.000010 0.000010 0.160474 0.000010 0.000010
0.757892 0.000010 0.000010 0.242068 0.000010 0.000010
0.752795 0.014139 0.000010 0.208911 0.024135 0.000010
0.827697 0.000010 0.000010 0.172263 0.000010 0.000010
0.002100 0.000010 0.000010 0.054444 0.919033 0.024404
0.000010 0.000010 0.002985 0.114299 0.864992 0.017704
0.000412 0.006700 0.000010 0.276891 0.577190 0.138798
0.006118 0.000010 0.000010 0.094911 0.850573 0.048378
0.000010 0.017215 0.000010 0.037149 0.925961 0.019655
0.776582 0.013121 0.000010 0.199079 0.011198 0.000010
0.955542 0.000010 0.000010 0.029099 0.000010 0.015330
0.917356 0.000010 0.000010 0.082604 0.000010 0.000010
0.819614 0.000010 0.004767 0.158963 0.000010 0.016636
0.861276 0.000010 0.000010 0.138684 0.000010 0.000010
0.334637 0.005610 0.000010 0.272166 0.385877 0.001699
0.877128 0.000010 0.009582 0.106878 0.000010 0.006392
0.005627 0.000010 0.000010 0.104272 0.850485 0.039595
0.000010 0.000010 0.000010 0.104830 0.836252 0.058889
0.000010 0.000010 0.000010 0.053062 0.926450 0.020457
0.001388 0.008545 0.001320 0.007312 0.963735 0.017699
0.002809 0.008186 0.000010 0.116356 0.871627 0.001011
0.000011 0.098989 0.889353 0.000010 0.000010 0.011626
0.000010 0.026769 0.964110 0.009091 0.000010 0.000010
