0.000010 0.000010 0.000010 0.634717 0.000010 0.365243
0.000010 0.001699 0.000010 0.669389 0.000010 0.328882
0.001102 0.000010 0.000010 0.604388 0.000010 0.394480
0.000010 0.000010 0.000010 0.691978 0.000010 0.307982
0.000010 0.000010 0.000010 0.641920 0.000010 0.358040
0.000010 0.000010 0.000010 0.595099 0.000010 0.404861
0.000010 0.000010 0.000010 0.660257 0.000010 0.339703
0.000010 0.000010 0.000010 0.646488 0.000010 0.353472
0.000010 0.001469 0.000010 0.616192 0.000010 0.382309
0.000010 0.000010 0.000010 0.623872 0.000010 0.376088
0.002574 0.000010 0.000010 0.606984 0.000010 0.390412
0.000010 0.000010 0.000010 0.650742 0.000010 0.349218
0.000010 0.000010 0.000010 0.609925 0.000010 0.390035
0.002382 0.000010 0.000010 0.636736 0.000010 0.360852
0.000010 0.000010 0.000010 0.614091 0.000010 0.385869
0.000010 0.000010 0.000010 0.644393 0.000010 0.355567
0.000010 0.000010 0.000010 0.634834 0.000010 0.365126
0.000010 0.000010 0.000010 0.655658 0.000010 0.344302
0.000010 0.000010 0.000010 0.621866 0.000010 0.378094
0.000010 0.000010 0.000010 0.601563 0.000010 0.398397
0.001251 0.000593 0.000010 0.647900 0.000010 0.350236
0.000010 0.000010 0.000010 0.647498 0.000010 0.352462
0.000010 0.000010 0.000010 0.627915 0.000010 0.372045
0.000010 0.000010 0.000010 0.606844 0.000010 0.393116
0.003414 0.000010 0.000010 0.633458 0.000010 0.363099
0.000010 0.000010 0.000010 0.614611 0.000010 0.385349
0.000010 0.000010 0.000010 0.617083 0.000010 0.382877
0.000010 0.000010 0.000010 0.659335 0.000010 0.340625
0.002973 0.000010 0.000010 0.669551 0.000010 0.327446
0.000010 0.000010 0.000010 0.658479 0.000010 0.341481
0.000010 0.005919 0.000010 0.644392 0.000010 0.349660
0.000010 0.000010 0.000010 0.667970 0.000010 0.331990
0.002481 0.015883 0.000010 0.633569 0.000010 0.348047
0.000010 0.000010 0.000010 0.691979 0.000010 0.307981
0.000017 0.000010 0.000010 0.677345 0.000010 0.322607
0.000010 0.000010 0.000010 0.594399 0.000010 0.405561
0.000010 0.000010 0.000010 0.647983 0.000010 0.351977
0.000010 0.000010 0.000010 0.650044 0.000010 0.349916
0.000010 0.000012 0.000010 0.629799 0.000010 0.370159
0.000010 0.000947 0.000016 0.654424 0.000010 0.344593
0.000017 0.000010 0.000010 0.606350 0.000010 0.393603
0.000010 0.000010 0.000010 0.661749 0.000010 0.338211
0.000010 0.000010 0.000010 0.654149 0.000010 0.345811
0.001019 0.000010 0.000010 0.673568 0.000010 0.325383
0.000010 0.000010 0.000010 0.683327 0.000010 0.316633
0.000010 0.002199 0.000010 0.650726 0.000010 0.347044
0.001680 0.000010 0.000010 0.616035 0.000010 0.382255
0.000010 0.000514 0.000010 0.648185 0.000010 0.351270
0.000010 0.000010 0.000010 0.627692 0.000010 0.372268
0.000010 0.000010 0.000010 0.678249 0.000010 0.321711
0.000010 0.000010 0.000010 0.648391 0.000010 0.351569
0.000010 0.000010 0.000010 0.626799 0.000010 0.373161
0.000010 0.000010 0.000010 0.649526 0.000010 0.350434
0.000010 0.000010 0.000010 0.667695 0.000010 0.332265
0.000010 0.000010 0.000010 0.629543 0.000010 0.370417
0.000010 0.000010 0.026439 0.000010 0.000010 0.973521
0.009266 0.000010 0.006784 0.028657 0.000010 0.955273
0.000010 0.000010 0.001787 0.190755 0.000010 0.807428
0.000010 0.000010 0.024503 0.030173 0.000010 0.945294
0.013270 0.000010 0.015110 0.023465 0.000010 0.948134
0.002406 0.000010 0.021864 0.084588 0.000010 0.891122
0.012062 0.000168 0.012682 0.061570 0.000010 0.913508
0.000010 0.000010 0.022855 0.070413 0.000010 0.906702
0.000344 0.021411 0.019622 0.301879 0.000010 0.656735
0.007285 0.009599 0.010872 0.018682 0.000010 0.953552
0.001975 0.008826 0.015706 0.000010 0.000010 0.973473
0.000010 0.015579 0.014299 0.000010 0.000010 0.970091
0.007523 0.000010 0.004859 0.018644 0.000010 0.968954
0.000010 0.000010 0.017178 0.000010 0.000010 0.982782
0.000010 0.000010 0.004428 0.083104 0.000010 0.912438
0.011383 0.000010 0.011036 0.111035 0.000010 0.866526
0.001014 0.000010 0.012936 0.200528 0.000010 0.785502
0.000010 0.000010 0.000010 0.662232 0.000010 0.337728
0.000010 0.000010 0.000010 0.679908 0.000010 0.320052
0.000010 0.000010 0.000010 0.691854 0.000010 0.308106
0.000010 0.000010 0.000010 0.662382 0.000010 0.337578
0.000010 0.000010 0.000010 0.667437 0.000010 0.332523
0.000010 0.000010 0.000010 0.712345 0.000010 0.287615
0.000010 0.000010 0.000010 0.667342 0.000010 0.332618
0.000010 0.000010 0.000010 0.651244 0.000010 0.348716
0.000010 0.000010 0.000010 0.639337 0.000010 0.360623
0.000010 0.001990 0.000010 0.631435 0.000010 0.366545
0.002415 0.000010 0.000010 0.637669 0.000010 0.359886
0.000010 0.000010 0.000010 0.672228 0.000010 0.327732
0.000010 0.000010 0.000010 0.753151 0.000010 0.246809
0.000010 0.000010 0.000010 0.670415 0.000010 0.329545
0.004940 0.000010 0.000010 0.697694 0.000010 0.297336
0.000010 0.000010 0.000010 0.668016 0.000010 0.331944
0.000010 0.000010 0.000010 0.688935 0.000010 0.311025
0.000010 0.000010 0.000010 0.640189 0.000010 0.359770
0.000010 0.000010 0.000010 0.704914 0.000010 0.295046
0.000210 0.000010 0.000010 0.680645 0.000010 0.319115
0.000010 0.000010 0.000010 0.684445 0.000010 0.315515
0.000010 0.000010 0.000010 0.669607 0.000010 0.330353
0.000010 0.000010 0.000010 0.655335 0.000010 0.344625
0.000010 0.000010 0.000010 0.676714 0.000010 0.323246
0.000010 0.000010 0.000010 0.693220 0.000010 0.306740
0.000010 0.000010 0.000010 0.656268 0.000010 0.343692
0.000010 0.000010 0.000010 0.710508 0.000010 0.289452
0.000010 0.000010 0.000010 0.659756 0.000010 0.340204
0.000012 0.000014 0.000010 0.664320 0.000010 0.335635
0.000010 0.000010 0.000010 0.652893 0.000010 0.347067
0.000010 0.000010 0.000010 0.647623 0.000010 0.352337
0.006148 0.007266 0.009764 0.054192 0.000010 0.922621
0.000010 0.000010 0.024121 0.000010 0.000010 0.975839
0.000010 0.000010 0.000010 0.122764 0.000010 0.877196
0.004523 0.000010 0.004501 0.000010 0.000010 0.990946
0.000010 0.000010 0.029307 0.000010 0.000010 0.970653
0.007900 0.000010 0.019997 0.000010 0.000010 0.972073
0.000010 0.000010 0.014406 0.154904 0.000010 0.830660
0.003472 0.000010 0.010526 0.093608 0.000010 0.892373
0.008575 0.002542 0.005309 0.188507 0.000010 0.795056
0.005851 0.000010 0.014386 0.006907 0.000010 0.972836
0.006640 0.000010 0.000010 0.253659 0.000010 0.739671
0.000755 0.000042 0.003468 0.001147 0.000010 0.994578
0.000010 0.000010 0.021815 0.043689 0.000010 0.934466
0.004422 0.000010 0.015096 0.052930 0.000010 0.927531
0.000010 0.021497 0.004125 0.044754 0.000010 0.929604
0.000010 0.013240 0.001375 0.046174 0.000010 0.939191
0.000014 0.000010 0.015896 0.000010 0.000010 0.984059
0.003229 0.000010 0.007268 0.000010 0.000010 0.989473
0.006983 0.000010 0.009306 0.000010 0.000010 0.983681
0.000010 0.000010 0.011472 0.000010 0.000010 0.988488
0.000012 0.007508 0.012320 0.172385 0.000010 0.807765
0.000010 0.001279 0.025629 0.098493 0.000010 0.874578
0.000010 0.000010 0.020329 0.040087 0.000010 0.939554
0.000010 0.000010 0.000010 0.119717 0.000010 0.880243
0.008646 0.000010 0.000010 0.258008 0.000010 0.733315
0.000010 0.000010 0.019956 0.000010 0.000010 0.980004
0.005428 0.000010 0.009973 0.091495 0.000010 0.893085
0.000010 0.000010 0.001779 0.126513 0.000010 0.871678
0.000010 0.000010 0.013996 0.008201 0.000010 0.977773
0.000012 0.000010 0.021792 0.142261 0.000010 0.835916
0.000010 0.000010 0.019072 0.029571 0.000010 0.951327
0.000010 0.000010 0.015187 0.000010 0.000010 0.984773
0.006879 0.000010 0.008172 0.000010 0.000010 0.984920
0.000010 0.000010 0.018380 0.000010 0.000010 0.981580
0.000010 0.000010 0.004638 0.007444 0.000010 0.987888
0.002344 0.000010 0.016821 0.026199 0.000010 0.954616
0.000010 0.000010 0.000010 0.068020 0.000010 0.931940
0.000010 0.000010 0.000010 0.144767 0.000010 0.855193
0.004553 0.001395 0.012362 0.128668 0.000010 0.853013
0.013083 0.000010 0.003645 0.148796 0.000010 0.834457
0.012796 0.000010 0.015489 0.147943 0.000010 0.823751
0.000010 0.000010 0.003936 0.155875 0.000010 0.840159
0.000010 0.000010 0.011285 0.068056 0.000010 0.920629
0.000574 0.000010 0.023529 0.076821 0.000010 0.899055
0.011786 0.000010 0.000010 0.182023 0.000010 0.806162
0.004342 0.000010 0.000010 0.060831 0.000010 0.934797
0.000010 0.000010 0.020032 0.134638 0.000010 0.845300
0.000010 0.015749 0.022421 0.310685 0.006813 0.644322
0.000010 0.002790 0.020259 0.022501 0.000010 0.954430
0.000010 0.000010 0.008089 0.000010 0.000010 0.991871
0.003536 0.000010 0.000021 0.345053 0.000010 0.651369
0.002020 0.000010 0.019659 0.088783 0.000010 0.889518
0.001171 0.000010 0.006061 0.126833 0.000010 0.865915
0.003057 0.000010 0.017735 0.008681 0.000010 0.970507
0.000010 0.000010 0.000010 0.318940 0.000010 0.681020
0.000014 0.000010 0.019596 0.070035 0.000010 0.910335
0.000010 0.000010 0.019072 0.070161 0.000010 0.910737
0.000010 0.000010 0.010078 0.149922 0.000010 0.839971
0.000010 0.000010 0.013749 0.103636 0.000010 0.882584
0.004434 0.000010 0.003507 0.099238 0.000010 0.892802
0.004284 0.000010 0.000010 0.000010 0.000010 0.995676
0.001314 0.010379 0.005999 0.113242 0.000010 0.869056
0.000010 0.000010 0.012932 0.000010 0.000010 0.987028
0.003476 0.000010 0.015171 0.083973 0.000010 0.897360
0.000010 0.000010 0.016535 0.081646 0.000010 0.901789
0.005605 0.000010 0.000010 0.000010 0.000010 0.994355
0.001168 0.001836 0.015938 0.053071 0.000010 0.927978
0.007564 0.000010 0.027056 0.119366 0.000010 0.845994
0.011030 0.000010 0.010311 0.000010 0.000010 0.978629
0.015312 0.005458 0.002553 0.003530 0.000010 0.973137
0.007714 0.000010 0.000010 0.052566 0.000010 0.939690
0.000010 0.000010 0.014997 0.035034 0.000010 0.949939
0.007388 0.000010 0.000010 0.014749 0.000010 0.977832
0.000010 0.000010 0.003199 0.158760 0.000010 0.838011
0.000010 0.000010 0.023785 0.041701 0.000010 0.934484
0.000015 0.003361 0.002076 0.091035 0.000010 0.903503
0.000010 0.000010 0.007403 0.279197 0.000010 0.713370
0.000017 0.000010 0.012422 0.073354 0.000010 0.914187
0.011653 0.000010 0.006576 0.000010 0.000010 0.981741
0.000010 0.000010 0.008777 0.000010 0.000010 0.991182
0.000031 0.000010 0.020182 0.069166 0.000010 0.910601
0.004476 0.000010 0.995484 0.000010 0.000010 0.000010
0.000010 0.000010 0.999950 0.000010 0.000010 0.000010
0.000010 0.000010 0.999950 0.000010 0.000010 0.000010
0.000010 0.000010 0.999950 0.000010 0.000010 0.000010
0.007687 0.000010 0.992273 0.000010 0.000010 0.000010
0.003386 0.000010 0.996574 0.000010 0.000010 0.000010
0.000010 0.000010 0.999950 0.000010 0.000010 0.000010
0.000019 0.000010 0.999941 0.000010 0.000010 0.000010
0.000010 0.000010 0.999949 0.000011 0.000010 0.000010
0.000010 0.000010 0.999950 0.000010 0.000010 0.000010
0.000010 0.000010 0.999950 0.000010 0.000010 0.000010
0.000010 0.000010 0.999950 0.000010 0.000010 0.000010
0.001508 0.000010 0.998452 0.000010 0.000010 0.000010
0.003358 0.000010 0.996602 0.000010 0.000010 0.000010
0.000010 0.000010 0.999950 0.000010 0.000010 0.000010
0.000010 0.000010 0.999950 0.000010 0.000010 0.000010
0.006167 0.000010 0.993793 0.000010 0.000010 0.000010
0.004644 0.000010 0.995316 0.000010 0.000010 0.000010
0.005646 0.000010 0.994314 0.000010 0.000010 0.000010
0.000010 0.000010 0.999950 0.000010 0.000010 0.000010
0.000010 0.000010 0.999950 0.000010 0.000010 0.000010
0.004226 0.000010 0.995734 0.000010 0.000010 0.000010
0.000010 0.000010 0.999950 0.000010 0.000010 0.000010
0.010534 0.000010 0.989426 0.000010 0.000010 0.000010
0.000010 0.000010 0.999950 0.000010 0.000010 0.000010
0.000616 0.000010 0.999344 0.000010 0.000010 0.000010
0.000010 0.000010 0.999950 0.000010 0.000010 0.000010
0.000010 0.000010 0.999950 0.000010 0.000010 0.000010
0.000010 0.000010 0.999950 0.000010 0.000010 0.000010
0.000010 0.000010 0.999950 0.000010 0.000010 0.000010
0.005407 0.000010 0.994553 0.000010 0.000010 0.000010
0.000010 0.000010 0.999950 0.000010 0.000010 0.000010
0.000010 0.000010 0.999950 0.000010 0.000010 0.000010
0.006204 0.000010 0.993756 0.000010 0.000010 0.000010
0.000010 0.000010 0.999950 0.000010 0.000010 0.000010
0.000010 0.000010 0.999950 0.000010 0.000010 0.000010
0.000010 0.000010 0.999950 0.000010 0.000010 0.000010
0.000010 0.000010 0.999950 0.000010 0.000010 0.000010
0.000010 0.000010 0.999950 0.000010 0.000010 0.000010
0.000010 0.000010 0.999950 0.000010 0.000010 0.000010
0.000010 0.000010 0.999950 0.000010 0.000010 0.000010
0.001253 0.000010 0.998707 0.000010 0.000010 0.000010
0.153178 0.000010 0.009122 0.749922 0.087758 0.000010
0.196809 0.000098 0.009314 0.619515 0.174254 0.000010
0.131035 0.009090 0.018094 0.761691 0.076238 0.003853
0.004625 0.000010 0.995335 0.000010 0.000010 0.000010
0.000010 0.000010 0.999950 0.000010 0.000010 0.000010
0.007853 0.000010 0.992107 0.000010 0.000010 0.000010
0.000010 0.000010 0.999950 0.000010 0.000010 0.000010
0.000010 0.000010 0.999950 0.000010 0.000010 0.000010
0.000010 0.000010 0.999950 0.000010 0.000010 0.000010
0.000010 0.000010 0.999950 0.000010 0.000010 0.000010
0.000523 0.000010 0.999437 0.000010 0.000010 0.000010
0.002350 0.000010 0.997610 0.000010 0.000010 0.000010
0.000010 0.000010 0.999950 0.000010 0.000010 0.000010
0.000010 0.000010 0.999950 0.000010 0.000010 0.000010
0.000010 0.012672 0.987288 0.000010 0.000010 0.000010
0.016200 0.000010 0.970232 0.000010 0.000010 0.013538
0.000010 0.000010 0.999950 0.000010 0.000010 0.000010
0.000010 0.000010 0.999950 0.000010 0.000010 0.000010
0.003426 0.000010 0.996534 0.000010 0.000010 0.000010
0.000010 0.000010 0.999950 0.000010 0.000010 0.000010
0.000067 0.000010 0.999893 0.000010 0.000010 0.000010
0.000010 0.000010 0.999950 0.000010 0.000010 0.000010
0.000010 0.000010 0.999950 0.000010 0.000010 0.000010
0.001832 0.000010 0.998128 0.000010 0.000010 0.000010
0.001503 0.000010 0.998457 0.000010 0.000010 0.000010
0.000010 0.000010 0.999950 0.000010 0.000010 0.000010
0.000010 0.000010 0.999950 0.000010 0.000010 0.000010
0.002639 0.000010 0.997321 0.000010 0.000010 0.000010
0.000010 0.000010 0.999950 0.000010 0.000010 0.000010
0.004602 0.000010 0.967944 0.011311 0.016124 0.000010
0.000010 0.000010 0.999950 0.000010 0.000010 0.000010
0.004586 0.000010 0.995374 0.000010 0.000010 0.000010
0.000010 0.000010 0.999950 0.000010 0.000010 0.000010
0.000010 0.000010 0.999950 0.000010 0.000010 0.000010
0.000010 0.000010 0.999950 0.000010 0.000010 0.000010
0.000010 0.000010 0.999950 0.000010 0.000010 0.000010
0.000010 0.000010 0.999950 0.000010 0.000010 0.000010
0.000010 0.000010 0.999950 0.000010 0.000010 0.000010
0.141273 0.001842 0.020606 0.674805 0.150475 0.010998
0.154944 0.007613 0.012075 0.657153 0.168206 0.000010
0.118544 0.006436 0.014488 0.788659 0.071862 0.000010
0.169145 0.006198 0.021277 0.729235 0.074136 0.000010
0.000010 0.000010 0.999950 0.000010 0.000010 0.000010
0.001886 0.000010 0.998074 0.000010 0.000010 0.000010
0.000010 0.000010 0.999950 0.000010 0.000010 0.000010
0.000010 0.000010 0.999950 0.000010 0.000010 0.000010
0.000692 0.000010 0.994857 0.004421 0.000010 0.000010
0.000010 0.000010 0.999950 0.000010 0.000010 0.000010
0.000010 0.000010 0.999950 0.000010 0.000010 0.000010
0.000010 0.000010 0.999950 0.000010 0.000010 0.000010
0.000010 0.000010 0.999950 0.000010 0.000010 0.000010
0.002992 0.000010 0.993602 0.003376 0.000010 0.000010
0.000010 0.000010 0.999950 0.000010 0.000010 0.000010
0.000010 0.000010 0.999950 0.000010 0.000010 0.000010
0.000010 0.000010 0.999950 0.000010 0.000010 0.000010
0.003318 0.000010 0.996642 0.000010 0.000010 0.000010
0.000010 0.000010 0.999950 0.000010 0.000010 0.000010
0.000010 0.000010 0.999950 0.000010 0.000010 0.000010
0.005974 0.000010 0.993986 0.000010 0.000010 0.000010
0.004322 0.000010 0.995638 0.000010 0.000010 0.000010
0.000010 0.000010 0.999950 0.000010 0.000010 0.000010
0.000010 0.000010 0.999950 0.000010 0.000010 0.000010
0.003406 0.000010 0.996554 0.000010 0.000010 0.000010
0.000010 0.000010 0.999950 0.000010 0.000010 0.000010
0.000010 0.000010 0.999950 0.000010 0.000010 0.000010
0.000010 0.000010 0.999950 0.000010 0.000010 0.000010
0.000010 0.000010 0.999950 0.000010 0.000010 0.000010
0.000010 0.000010 0.999950 0.000010 0.000010 0.000010
0.000010 0.000010 0.999950 0.000010 0.000010 0.000010
0.000010 0.000010 0.999950 0.000010 0.000010 0.000010
0.093907 0.001326 0.005232 0.872279 0.023320 0.003935
0.142514 0.000010 0.014941 0.794190 0.048335 0.000010
0.196864 0.000010 0.016843 0.656977 0.115433 0.013873
0.125984 0.000010 0.000010 0.767977 0.057250 0.048769
0.109904 0.000010 0.009589 0.781074 0.078095 0.021327
0.060932 0.002344 0.000010 0.697890 0.044282 0.194541
0.165528 0.000010 0.005535 0.710392 0.118526 0.000010
0.072208 0.000010 0.000010 0.845290 0.065542 0.016941
0.227426 0.000010 0.018496 0.677857 0.076201 0.000010
0.000010 0.012548 0.986823 0.000010 0.000010 0.000598
0.000010 0.000010 0.999950 0.000010 0.000010 0.000010
0.000010 0.008187 0.991769 0.000014 0.000010 0.000010
0.000010 0.001459 0.998501 0.000010 0.000010 0.000010
0.000010 0.015632 0.984328 0.000010 0.000010 0.000010
0.000010 0.000010 0.999950 0.000010 0.000010 0.000010
0.000010 0.003606 0.996354 0.000010 0.000010 0.000010
0.000010 0.010804 0.989156 0.000010 0.000010 0.000010
0.000010 0.002470 0.994303 0.001349 0.000010 0.001858
0.000010 0.012029 0.987931 0.000010 0.000010 0.000010
0.000010 0.000010 0.999950 0.000010 0.000010 0.000010
0.000010 0.002535 0.997425 0.000010 0.000010 0.000010
0.000010 0.000010 0.999950 0.000010 0.000010 0.000010
0.000010 0.000777 0.999183 0.000010 0.000010 0.000010
0.000010 0.002488 0.997472 0.000010 0.000010 0.000010
0.106411 0.005358 0.002482 0.775902 0.079389 0.030457
0.154484 0.000010 0.010859 0.709622 0.102269 0.022756
0.137771 0.000010 0.002138 0.608286 0.226875 0.024920
0.205396 0.016354 0.000102 0.548481 0.212732 0.016934
0.176131 0.007382 0.019407 0.561176 0.235895 0.000010
0.174591 0.002862 0.014155 0.749081 0.059301 0.000010
0.107857 0.000010 0.008949 0.735796 0.123311 0.024078
0.156708 0.009054 0.007017 0.666516 0.119345 0.041359
0.122972 0.000010 0.017344 0.736764 0.090275 0.032636
0.150744 0.000010 0.003899 0.782171 0.063166 0.000010
0.142990 0.000010 0.009111 0.503498 0.344381 0.000010
0.117531 0.000010 0.015759 0.692058 0.167224 0.007417
0.132897 0.000010 0.011028 0.749001 0.069262 0.037802
0.152511 0.000010 0.016195 0.744705 0.086570 0.000010
0.173415 0.006551 0.000010 0.739809 0.080204 0.000010
0.157121 0.008771 0.000019 0.773393 0.060686 0.000010
0.158783 0.004059 0.000010 0.755714 0.081423 0.000010
0.155435 0.000010 0.013527 0.752317 0.078701 0.000010
0.067718 0.021282 0.011239 0.770715 0.096705 0.032340
0.189133 0.000010 0.014637 0.582828 0.191930 0.021462
0.143316 0.004430 0.003996 0.672358 0.175890 0.000010
0.217752 0.000010 0.007878 0.685690 0.088661 0.000010
0.149011 0.000010 0.023773 0.604454 0.209250 0.013501
0.173576 0.002028 0.007615 0.720757 0.096015 0.000010
0.136694 0.000010 0.016459 0.729381 0.115694 0.001762
0.190567 0.007076 0.007642 0.666305 0.128401 0.000010
0.123916 0.000010 0.014375 0.627180 0.186446 0.048073
0.152616 0.013819 0.001265 0.663965 0.136705 0.031629
0.137959 0.017931 0.007806 0.594007 0.242287 0.000010
0.139767 0.000010 0.006003 0.714062 0.128629 0.011529
0.144723 0.011792 0.014359 0.705650 0.106505 0.016972
0.165336 0.000010 0.005855 0.729859 0.098929 0.000010
0.142090 0.000010 0.013563 0.756201 0.088126 0.000010
0.183693 0.000010 0.000010 0.667214 0.149062 0.000010
0.128754 0.000010 0.000670 0.646336 0.175969 0.048261
0.131230 0.000010 0.013975 0.766823 0.087952 0.000010
0.086607 0.000010 0.009466 0.766699 0.083980 0.053238
0.118320 0.000010 0.004923 0.654616 0.222121 0.000010
0.153429 0.000010 0.000010 0.675544 0.134245 0.036761
0.154810 0.000010 0.006095 0.711043 0.118314 0.009727
0.081408 0.012449 0.002511 0.860576 0.021396 0.021661
0.294906 0.000010 0.017062 0.681722 0.001622 0.004678
0.129736 0.000010 0.016581 0.784126 0.034489 0.035057
0.308133 0.007635 0.012394 0.572965 0.039996 0.058876
0.237170 0.000010 0.000010 0.648197 0.066712 0.047901
0.307573 0.012237 0.000961 0.502032 0.134629 0.042569
0.266039 0.002758 0.007857 0.629684 0.086049 0.007613
0.265619 0.000010 0.001200 0.645460 0.062800 0.024911
0.263669 0.000010 0.008494 0.667503 0.060315 0.000010
0.172532 0.000010 0.010159 0.757430 0.021293 0.038576
0.239309 0.000010 0.009209 0.606770 0.127595 0.017108
0.283581 0.000010 0.007514 0.595150 0.086134 0.027611
0.358710 0.000010 0.019542 0.602832 0.017583 0.001323
0.297764 0.000010 0.000010 0.506097 0.181221 0.014898
0.276889 0.028394 0.000981 0.634983 0.033592 0.025161
0.368411 0.005997 0.010260 0.438371 0.176950 0.000010
0.271469 0.000010 0.000010 0.622119 0.052010 0.054382
0.446709 0.000243 0.018297 0.434876 0.099129 0.000746
0.176291 0.000010 0.006200 0.651575 0.165914 0.000010
0.164402 0.018823 0.002225 0.708533 0.101357 0.004660
0.134331 0.000010 0.006749 0.761302 0.097598 0.000010
0.139401 0.000010 0.019969 0.550521 0.237360 0.052738
0.064233 0.036645 0.007326 0.865070 0.026716 0.000010
0.170959 0.004179 0.001873 0.661592 0.126949 0.034448
0.146595 0.008631 0.010787 0.600222 0.187757 0.046008
0.058565 0.000010 0.012819 0.862731 0.064093 0.001782
0.134391 0.000010 0.001366 0.756002 0.059473 0.048758
0.171907 0.000010 0.006201 0.706858 0.096382 0.018643
0.193181 0.003772 0.021593 0.708325 0.073118 0.000010
0.147533 0.004475 0.017219 0.649352 0.143778 0.037643
0.180863 0.000010 0.003972 0.695980 0.119164 0.000010
0.241515 0.000010 0.004554 0.545301 0.208610 0.000010
0.210573 0.000010 0.026881 0.541237 0.221290 0.000010
0.222281 0.004863 0.010134 0.607688 0.155023 0.000010
0.211813 0.013534 0.006793 0.650251 0.088229 0.029380
0.164699 0.000010 0.006070 0.766101 0.063110 0.000010
0.155895 0.000010 0.003526 0.650945 0.189614 0.000010
0.112579 0.000010 0.005293 0.837301 0.044807 0.000010
0.117675 0.000010 0.023005 0.736096 0.101351 0.021863
0.123689 0.000010 0.011576 0.728542 0.111915 0.024268
0.179819 0.000010 0.009045 0.593617 0.192727 0.024783
0.113640 0.020823 0.003878 0.751221 0.110430 0.000010
0.322875 0.010698 0.009335 0.557400 0.068113 0.031579
0.260053 0.004467 0.016160 0.676712 0.020661 0.021946
0.261807 0.007379 0.003635 0.669817 0.045152 0.012209
0.299713 0.000010 0.005912 0.490594 0.184156 0.019615
0.185498 0.007142 0.011851 0.771561 0.005648 0.018300
0.312259 0.017331 0.000010 0.617791 0.013389 0.039220
0.126426 0.000010 0.016947 0.792477 0.021628 0.042513
0.320974 0.000011 0.006307 0.545782 0.126916 0.000010
0.279078 0.000010 0.008304 0.638321 0.074277 0.000010
0.269697 0.000010 0.004455 0.645955 0.077773 0.002110
0.303189 0.001068 0.017756 0.494994 0.182983 0.000010
0.370110 0.002217 0.001960 0.584682 0.009299 0.031732
0.290058 0.009459 0.004785 0.680788 0.014900 0.000010
0.261575 0.000010 0.020455 0.679487 0.029113 0.009360
0.237113 0.011679 0.008529 0.677678 0.064991 0.000010
0.150095 0.005422 0.008077 0.597916 0.234372 0.004120
0.196519 0.002302 0.010852 0.659152 0.131165 0.000010
0.186102 0.000010 0.022720 0.663358 0.127747 0.000063
0.189113 0.000010 0.009665 0.625337 0.149173 0.026701
0.156161 0.002147 0.011750 0.596753 0.233180 0.000010
0.093657 0.011053 0.016060 0.764510 0.090208 0.024512
0.146129 0.000010 0.004052 0.723643 0.126156 0.000010
0.167515 0.000010 0.018283 0.694835 0.119347 0.000010
0.106200 0.000010 0.003483 0.706621 0.138930 0.044756
0.204547 0.000010 0.009819 0.686650 0.098964 0.000010
0.000010 0.007770 0.000010 0.654356 0.000010 0.337844
0.599876 0.000914 0.017721 0.381468 0.000010 0.000010
0.231801 0.000010 0.005330 0.358326 0.362394 0.042139
0.409167 0.000010 0.000010 0.491267 0.025171 0.074375
0.232837 0.000010 0.020527 0.667850 0.048232 0.030544
0.404977 0.011579 0.014277 0.531277 0.037880 0.000010
0.391437 0.008626 0.005618 0.461195 0.068640 0.064485
0.309997 0.000010 0.000010 0.655374 0.011722 0.022887
0.209282 0.000010 0.000010 0.746345 0.029380 0.014973
0.177996 0.000010 0.000968 0.788102 0.014854 0.018069
0.322177 0.007379 0.011695 0.582850 0.044217 0.031682
0.289120 0.000010 0.020618 0.620448 0.009031 0.060774
0.258014 0.022673 0.000010 0.679560 0.038174 0.001569
0.244906 0.009867 0.012039 0.671398 0.061780 0.000010
0.239462 0.000010 0.005750 0.601941 0.152826 0.000010
0.323984 0.000010 0.023616 0.482423 0.162172 0.007795
0.287501 0.012054 0.000010 0.502127 0.152079 0.046229
0.258420 0.000010 0.022570 0.564728 0.119679 0.034593
0.519661 0.000010 0.009838 0.348768 0.121712 0.000010
0.329102 0.005716 0.008244 0.621385 0.035543 0.000010
0.275345 0.000010 0.010356 0.702166 0.012114 0.000010
0.315053 0.000010 0.009582 0.505275 0.134409 0.035670
0.307429 0.006993 0.009266 0.563034 0.101461 0.011817
0.390151 0.006200 0.017965 0.541973 0.034833 0.008878
0.259917 0.000010 0.000010 0.676387 0.029446 0.034229
0.245111 0.000010 0.005301 0.691442 0.058127 0.000010
0.145001 0.016334 0.000650 0.745133 0.053623 0.039257
0.315816 0.004327 0.010974 0.397484 0.270851 0.000549
0.185406 0.000010 0.016985 0.619150 0.162016 0.016433
0.149560 0.000010 0.022218 0.605965 0.206030 0.016216
0.142625 0.000010 0.000010 0.779139 0.078206 0.000010
0.200901 0.015023 0.014172 0.597222 0.165005 0.007676
0.172834 0.000010 0.009383 0.633837 0.183926 0.000010
0.203638 0.008666 0.016547 0.600868 0.159306 0.010976
0.174419 0.016986 0.008514 0.633628 0.166444 0.000010
0.112297 0.013926 0.007977 0.743604 0.101918 0.020278
0.230399 0.000010 0.011185 0.677985 0.080410 0.000010
0.204538 0.003329 0.001267 0.649367 0.141489 0.000010
0.187308 0.006314 0.006300 0.629997 0.124193 0.045889
0.278269 0.027459 0.007919 0.549379 0.113792 0.023183
0.240913 0.000942 0.023634 0.670921 0.026385 0.037205
0.526264 0.009279 0.012554 0.378049 0.049073 0.024781
0.134120 0.000010 0.005024 0.824471 0.010323 0.026052
0.238116 0.000010 0.000010 0.511767 0.174723 0.075374
0.412254 0.009230 0.009153 0.529088 0.015366 0.024909
0.556624 0.008968 0.000010 0.363594 0.044206 0.026598
0.297204 0.000010 0.010735 0.603004 0.089037 0.000010
0.253139 0.027634 0.017440 0.623365 0.066021 0.012401
0.395236 0.000010 0.013887 0.514471 0.028975 0.047421
0.398419 0.005009 0.012944 0.491347 0.051270 0.041011
0.431129 0.006272 0.005777 0.517964 0.030748 0.008110
0.400047 0.018445 0.003611 0.404897 0.172990 0.000010
0.315687 0.004608 0.017517 0.359482 0.288521 0.014185
0.325319 0.000010 0.000010 0.481805 0.192846 0.000010
0.204470 0.005296 0.008024 0.767956 0.014243 0.000010
0.196626 0.000010 0.007199 0.780927 0.015228 0.000010
0.178353 0.006926 0.002473 0.762581 0.022800 0.026868
0.163884 0.005812 0.001028 0.808228 0.021038 0.000010
0.281279 0.012256 0.004425 0.341022 0.340540 0.020478
0.356672 0.000497 0.011345 0.594745 0.036731 0.000010
0.149841 0.002675 0.000010 0.620724 0.145200 0.081550
0.128804 0.017566 0.006542 0.818895 0.009325 0.018868
0.179532 0.005970 0.013905 0.786969 0.013614 0.000010
0.209433 0.008834 0.013325 0.742658 0.025740 0.000010
0.429762 0.014498 0.008686 0.452220 0.091707 0.003127
0.389832 0.000010 0.014805 0.464748 0.116517 0.014087
0.365381 0.000010 0.008365 0.554014 0.063345 0.008885
0.356590 0.000010 0.022373 0.580091 0.040925 0.000010
0.000010 0.005929 0.009668 0.879679 0.015177 0.089537
0.000035 0.002718 0.000378 0.840853 0.018518 0.137498
0.002436 0.007908 0.000010 0.902231 0.006131 0.081283
0.000010 0.000010 0.013019 0.889632 0.016139 0.081191
0.000010 0.009955 0.000010 0.884530 0.011897 0.093598
0.005895 0.000010 0.000010 0.920012 0.010898 0.063175
0.000628 0.005012 0.000010 0.866382 0.021825 0.106143
0.003216 0.002874 0.000010 0.877624 0.012845 0.103431
0.002000 0.000010 0.004651 0.877017 0.000010 0.116312
0.000010 0.000010 0.000010 0.870800 0.003969 0.125201
0.000010 0.000010 0.000010 0.906324 0.000010 0.093636
0.000010 0.000010 0.000010 0.888228 0.000010 0.111732
0.000010 0.000010 0.000010 0.884354 0.000010 0.115606
0.000010 0.000010 0.000010 0.867956 0.000010 0.132004
0.000010 0.000010 0.000010 0.864526 0.000010 0.135434
0.000010 0.000010 0.000010 0.881563 0.000010 0.118397
0.000010 0.008359 0.005030 0.902673 0.006570 0.077359
0.000010 0.000010 0.005288 0.904250 0.019501 0.070942
0.008691 0.000010 0.000010 0.899221 0.028675 0.063392
0.005049 0.000010 0.002594 0.893050 0.018304 0.080994
0.002047 0.015183 0.002865 0.858926 0.017911 0.103068
0.000010 0.005141 0.005502 0.896018 0.018846 0.074484
0.008190 0.000010 0.002215 0.854755 0.000169 0.134661
0.000010 0.000010 0.010366 0.839009 0.008331 0.142275
0.239888 0.000010 0.013228 0.676561 0.053731 0.016581
0.241135 0.000010 0.015263 0.367526 0.376056 0.000010
0.324467 0.032037 0.014647 0.404119 0.224720 0.000010
0.719527 0.000010 0.005575 0.254763 0.000010 0.020115
0.485350 0.000010 0.006812 0.431544 0.014982 0.061301
0.689637 0.000010 0.000697 0.283769 0.000010 0.025877
0.999950 0.000010 0.000010 0.000010 0.000010 0.000010
0.456350 0.013786 0.000010 0.418852 0.060113 0.050889
0.630514 0.000010 0.000893 0.317350 0.002069 0.049165
0.012188 0.725950 0.000010 0.170840 0.000010 0.091001
0.010827 0.719916 0.000010 0.170779 0.000010 0.098458
0.018360 0.693172 0.004774 0.186803 0.000010 0.096881
0.000010 0.656372 0.000010 0.269214 0.000010 0.074384
0.000010 0.017615 0.982345 0.000010 0.000010 0.000010
0.000010 0.031955 0.963976 0.000010 0.000010 0.004039
0.000010 0.024837 0.975117 0.000016 0.000010 0.000010
0.000142 0.027897 0.971931 0.000010 0.000010 0.000010
0.000010 0.025893 0.974067 0.000010 0.000010 0.000010
0.000010 0.016340 0.983620 0.000010 0.000010 0.000010
0.001144 0.006791 0.000010 0.884275 0.014229 0.093551
0.000010 0.004152 0.002716 0.882670 0.013881 0.096570
0.001907 0.000010 0.004591 0.887102 0.008464 0.097926
0.000010 0.000010 0.003213 0.857685 0.008501 0.130582
0.002236 0.023252 0.000010 0.874907 0.009387 0.090207
0.004576 0.000010 0.000010 0.896363 0.012290 0.086751
0.000010 0.000010 0.004219 0.894477 0.012555 0.088730
0.000010 0.000010 0.014968 0.872530 0.020551 0.091931
0.000010 0.006779 0.003247 0.870268 0.007661 0.112035
0.000010 0.000010 0.007893 0.881434 0.007041 0.103612
0.000010 0.007711 0.006413 0.901575 0.012843 0.071448
0.020415 0.000010 0.006692 0.890728 0.007903 0.074251
0.000010 0.014143 0.000010 0.888450 0.008141 0.089246
0.003026 0.000010 0.012879 0.853594 0.017555 0.112936
0.008454 0.000010 0.000788 0.905726 0.020074 0.064948
0.003063 0.000010 0.016859 0.940899 0.018099 0.021069
0.000010 0.000010 0.005171 0.895739 0.007770 0.091299
0.000010 0.000010 0.019178 0.906280 0.018171 0.056351
0.000010 0.000010 0.000551 0.889034 0.057007 0.053389
0.000010 0.000010 0.009523 0.919372 0.043716 0.027369
0.000010 0.000010 0.010446 0.905669 0.000010 0.083854
0.000010 0.008893 0.000010 0.865247 0.011500 0.114341
0.000010 0.001751 0.010443 0.828369 0.028124 0.131303
0.000010 0.000010 0.000010 0.862536 0.041934 0.095500
0.000010 0.000010 0.011285 0.900820 0.007624 0.080251
0.006020 0.008948 0.000010 0.867193 0.006735 0.111094
0.000010 0.009231 0.000010 0.891708 0.000010 0.099031
0.000010 0.015691 0.006376 0.909716 0.002698 0.065509
0.000023 0.000010 0.000010 0.884981 0.000010 0.114966
0.000010 0.000010 0.003610 0.941262 0.000010 0.055098
0.002574 0.000010 0.004807 0.906230 0.008960 0.077419
0.000810 0.000010 0.004689 0.876077 0.008955 0.109459
0.000010 0.000010 0.000010 0.881420 0.005987 0.112563
0.000010 0.000010 0.002430 0.848542 0.000010 0.148999
0.004666 0.000010 0.000010 0.841999 0.021268 0.132048
0.000010 0.000010 0.000763 0.824098 0.014138 0.160980
0.000010 0.000010 0.003322 0.867115 0.051476 0.078066
0.004115 0.002355 0.010080 0.868569 0.051062 0.063818
0.011036 0.002682 0.000010 0.866131 0.022028 0.098114
0.000010 0.000010 0.011348 0.906573 0.021676 0.060383
0.006057 0.000010 0.002271 0.888476 0.000010 0.103176
0.000010 0.000010 0.000010 0.928981 0.000010 0.070979
0.003485 0.002803 0.005042 0.872415 0.026063 0.090191
0.000010 0.000010 0.012692 0.888947 0.020785 0.077557
0.000010 0.000010 0.007925 0.865791 0.009720 0.116544
0.000010 0.003410 0.011306 0.840787 0.014729 0.129759
0.000010 0.000010 0.000010 0.864675 0.018952 0.116343
0.000010 0.006423 0.005931 0.843273 0.018703 0.125661
0.000010 0.000010 0.000010 0.875322 0.006418 0.118230
0.008336 0.000010 0.000010 0.886916 0.008880 0.095849
0.002324 0.000010 0.014903 0.890924 0.013142 0.078697
0.000010 0.009527 0.008515 0.903732 0.019695 0.058521
0.000010 0.006909 0.000754 0.905056 0.007159 0.080112
0.000010 0.000010 0.000010 0.845971 0.007146 0.146853
0.000010 0.013485 0.000010 0.876681 0.017080 0.092733
0.006166 0.007639 0.000010 0.880723 0.035149 0.070312
0.006434 0.000010 0.000010 0.903686 0.018393 0.071468
0.000010 0.000010 0.007219 0.923891 0.019831 0.049040
0.000010 0.000624 0.000010 0.885604 0.008897 0.104855
0.002733 0.000010 0.000010 0.902976 0.006712 0.087559
0.000010 0.009840 0.006067 0.903270 0.000010 0.080802
0.001193 0.000010 0.000010 0.886376 0.005017 0.107394
0.006693 0.003875 0.004893 0.857150 0.000010 0.127379
0.000010 0.000010 0.005525 0.852219 0.004948 0.137288
0.000010 0.000010 0.008166 0.861528 0.000010 0.130275
0.000050 0.000010 0.006593 0.890485 0.005725 0.097137
0.000010 0.000010 0.007266 0.865010 0.015118 0.112586
0.001212 0.000010 0.002610 0.887876 0.016326 0.091967
0.000010 0.004010 0.000010 0.838417 0.000010 0.157543
0.000010 0.000010 0.000010 0.846918 0.000010 0.153042
0.000010 0.000010 0.000010 0.683478 0.000010 0.316482
0.000010 0.000010 0.000010 0.670798 0.000010 0.329162
0.000010 0.000010 0.000010 0.676270 0.000010 0.323690
0.000010 0.000010 0.999950 0.000010 0.000010 0.000010
0.000010 0.015157 0.984803 0.000010 0.000010 0.000010
0.000010 0.004407 0.995553 0.000010 0.000010 0.000010
0.000010 0.007889 0.992071 0.000010 0.000010 0.000010
0.000010 0.000010 0.995137 0.004823 0.000010 0.000010
0.000010 0.000010 0.999950 0.000010 0.000010 0.000010
0.000010 0.000010 0.998291 0.000010 0.000010 0.001669
0.000010 0.012153 0.987807 0.000010 0.000010 0.000010
0.000010 0.014538 0.985422 0.000010 0.000010 0.000010
0.000010 0.000453 0.999507 0.000010 0.000010 0.000010
0.000010 0.005221 0.994739 0.000010 0.000010 0.000010
0.000010 0.000010 0.999950 0.000010 0.000010 0.000010
0.000010 0.000010 0.999950 0.000010 0.000010 0.000010
0.000010 0.000564 0.999396 0.000010 0.000010 0.000010
0.000010 0.000010 0.999950 0.000010 0.000010 0.000010
0.000010 0.001878 0.998082 0.000010 0.000010 0.000010
0.000010 0.007333 0.992627 0.000010 0.000010 0.000010
0.000010 0.000010 0.999950 0.000010 0.000010 0.000010
0.000010 0.004076 0.995884 0.000010 0.000010 0.000010
0.003965 0.008295 0.987710 0.000010 0.000010 0.000010
0.000010 0.000010 0.999950 0.000010 0.000010 0.000010
0.000010 0.003747 0.996213 0.000010 0.000010 0.000010
0.000010 0.025042 0.974918 0.000010 0.000010 0.000010
0.000010 0.020348 0.975295 0.004327 0.000010 0.000010
0.000010 0.015561 0.981145 0.000010 0.000010 0.003264
0.000010 0.021070 0.978890 0.000010 0.000010 0.000010
0.000010 0.037511 0.962447 0.000012 0.000010 0.000010
0.000010 0.026364 0.973595 0.000012 0.000010 0.000010
0.000010 0.032365 0.967051 0.000010 0.000010 0.000555
0.000010 0.032723 0.967237 0.000010 0.000010 0.000010
0.000010 0.029624 0.970336 0.000010 0.000010 0.000010
0.000010 0.039256 0.960700 0.000014 0.000010 0.000010
0.001271 0.022322 0.968346 0.008041 0.000010 0.000010
0.004646 0.016288 0.979036 0.000010 0.000010 0.000010
0.002100 0.034900 0.962969 0.000010 0.000010 0.000010
0.000010 0.024721 0.970118 0.005131 0.000010 0.000010
0.000010 0.033669 0.964945 0.000010 0.000010 0.001356
0.000010 0.024299 0.975197 0.000010 0.000010 0.000475
0.000010 0.022513 0.971369 0.000010 0.000010 0.006088
0.000010 0.012043 0.987917 0.000010 0.000010 0.000010
0.000010 0.023130 0.976822 0.000018 0.000010 0.000010
0.001565 0.021953 0.975533 0.000929 0.000010 0.000010
0.000010 0.028121 0.971839 0.000010 0.000010 0.000010
0.002042 0.016104 0.978685 0.003149 0.000010 0.000010
0.000010 0.014728 0.985232 0.000010 0.000010 0.000010
0.000010 0.010710 0.984410 0.000010 0.000010 0.004851
0.000010 0.033305 0.966655 0.000010 0.000010 0.000010
0.000010 0.021825 0.967630 0.010515 0.000010 0.000010
0.000010 0.028400 0.971560 0.000010 0.000010 0.000010
0.000010 0.004713 0.984003 0.000010 0.000010 0.011254
0.000010 0.013482 0.986478 0.000010 0.000010 0.000010
0.000010 0.036108 0.959619 0.000010 0.000010 0.004243
0.000010 0.023232 0.976728 0.000010 0.000010 0.000010
0.000010 0.023867 0.975568 0.000010 0.000010 0.000535
0.000010 0.034440 0.965520 0.000010 0.000010 0.000010
0.000010 0.016269 0.975556 0.008144 0.000010 0.000010
0.004028 0.002541 0.008847 0.097688 0.842069 0.044825
0.012264 0.304412 0.056896 0.054612 0.548357 0.023459
0.000010 0.001004 0.004225 0.005910 0.965618 0.023233
0.000010 0.000599 0.000010 0.112177 0.846670 0.040534
0.000010 0.000010 0.000010 0.045490 0.941134 0.013346
0.000010 0.000010 0.000010 0.071171 0.883194 0.045605
0.000010 0.000010 0.000010 0.027206 0.963781 0.008983
0.000020 0.001640 0.000010 0.079013 0.878589 0.040729
0.742232 0.000010 0.000010 0.179757 0.077981 0.000010
0.585549 0.000045 0.005265 0.295917 0.113213 0.000010
0.000010 0.000010 0.000010 0.044002 0.906743 0.049225
0.001542 0.000010 0.000010 0.000010 0.963778 0.034650
0.002957 0.000454 0.005218 0.046893 0.901051 0.043428
0.000010 0.014346 0.000010 0.081118 0.839316 0.065201
0.000012 0.013185 0.000010 0.051489 0.922031 0.013274
0.901186 0.000010 0.000010 0.054637 0.000010 0.044147
0.812587 0.000010 0.000010 0.164960 0.000010 0.022423
0.999950 0.000010 0.000010 0.000010 0.000010 0.000010
0.783235 0.002720 0.001547 0.156832 0.000010 0.055656
0.999950 0.000010 0.000010 0.000010 0.000010 0.000010
0.709298 0.007283 0.054812 0.097567 0.116405 0.014635
0.999950 0.000010 0.000010 0.000010 0.000010 0.000010
0.999950 0.000010 0.000010 0.000010 0.000010 0.000010
0.849745 0.000010 0.000010 0.150215 0.000010 0.000010
0.656670 0.010589 0.047556 0.175448 0.090560 0.019176
0.775283 0.000010 0.000010 0.207444 0.000010 0.017243
0.679477 0.000010 0.012486 0.232711 0.031556 0.043761
0.999950 0.000010 0.000010 0.000010 0.000010 0.000010
0.815517 0.000010 0.000010 0.149481 0.000010 0.034972
0.853777 0.004104 0.000010 0.079955 0.061819 0.000335
0.880192 0.000289 0.000010 0.119489 0.000010 0.000010
0.547442 0.000014 0.381092 0.044247 0.000010 0.027196
0.823355 0.000010 0.000010 0.147225 0.000010 0.029390
0.639203 0.013162 0.020868 0.301326 0.025431 0.000010
0.669949 0.011807 0.051954 0.068420 0.171026 0.026846
0.891788 0.000010 0.003422 0.054773 0.049998 0.000010
0.999950 0.000010 0.000010 0.000010 0.000010 0.000010
0.936334 0.000010 0.000010 0.063626 0.000010 0.000010
0.953398 0.000010 0.000010 0.000010 0.000010 0.046562
0.004176 0.000010 0.000010 0.073919 0.921874 0.000010
0.008246 0.000010 0.000010 0.137156 0.854568 0.000010
0.999950 0.000010 0.000010 0.000010 0.000010 0.000010
0.621694 0.025286 0.001740 0.248425 0.080660 0.022195
0.671340 0.000010 0.000010 0.277910 0.000010 0.050720
0.999950 0.000010 0.000010 0.000010 0.000010 0.000010
0.703087 0.000010 0.000639 0.276859 0.000010 0.019395
0.596693 0.000010 0.006027 0.189602 0.161118 0.046549
0.855442 0.000010 0.000010 0.097404 0.023360 0.023774
0.999950 0.000010 0.000010 0.000010 0.000010 0.000010
0.705906 0.000010 0.000010 0.262174 0.000010 0.031890
0.836941 0.000010 0.000010 0.163019 0.000010 0.000010
0.760929 0.005581 0.001020 0.222164 0.000010 0.010297
0.757405 0.017312 0.000010 0.196096 0.026129 0.003048
0.824703 0.000010 0.000010 0.175257 0.000010 0.000010
0.000112 0.000010 0.000010 0.055056 0.920392 0.024421
0.000010 0.000010 0.000010 0.085244 0.864417 0.050309
0.005973 0.000010 0.000010 0.279176 0.579500 0.135331
0.011186 0.000434 0.000010 0.101573 0.853112 0.033685
0.004343 0.000010 0.003976 0.063002 0.928660 0.000010
0.778248 0.009133 0.002452 0.190984 0.013441 0.005742
0.957147 0.000010 0.000010 0.000765 0.000010 0.042058
0.910755 0.000010 0.000010 0.066073 0.000010 0.023142
0.818678 0.000874 0.003365 0.166789 0.000010 0.010284
0.860251 0.000010 0.000010 0.121995 0.000010 0.017723
0.338928 0.000010 0.000010 0.274259 0.386567 0.000225
0.878398 0.007286 0.000010 0.111472 0.000010 0.002825
0.006321 0.000010 0.004847 0.110370 0.854699 0.023753
0.000500 0.000010 0.000010 0.099324 0.839958 0.060199
0.000010 0.000010 0.000010 0.047177 0.926240 0.026553
0.000010 0.009191 0.002018 0.006116 0.956657 0.026009
0.000010 0.000010 0.000010 0.096425 0.877692 0.025853
0.006945 0.102448 0.884534 0.006053 0.000010 0.000010
0.000010 0.022423 0.962250 0.015297 0.000010 0.000010
