0.000010 0.000010 0.000010 0.638077 0.000010 0.361883
0.000010 0.000010 0.000010 0.631296 0.000010 0.368664
0.000010 0.000010 0.000010 0.624363 0.000010 0.375597
0.000010 0.000010 0.000020 0.673388 0.000010 0.326563
0.000010 0.000016 0.000010 0.642217 0.000010 0.357736
0.000011 0.000010 0.000010 0.599790 0.000010 0.400169
0.000010 0.000010 0.000010 0.679722 0.000010 0.320238
0.000010 0.000010 0.000010 0.661062 0.000010 0.338898
0.000010 0.000010 0.000010 0.632576 0.000010 0.367384
0.000010 0.000012 0.000015 0.631197 0.000010 0.368756
0.000010 0.000010 0.000010 0.616942 0.000010 0.383018
0.000010 0.000010 0.000010 0.664483 0.000010 0.335477
0.000010 0.000012 0.000010 0.598271 0.000010 0.401687
0.000010 0.000010 0.000012 0.614447 0.000010 0.385511
0.000010 0.000010 0.000010 0.596055 0.000010 0.403905
0.000010 0.000010 0.000010 0.637037 0.000010 0.362923
0.000010 0.000010 0.000010 0.632047 0.000010 0.367913
0.000010 0.000010 0.000010 0.624178 0.000010 0.375782
0.000010 0.000010 0.000014 0.638089 0.000010 0.361866
0.000010 0.000010 0.000010 0.612349 0.000010 0.387611
0.000010 0.000010 0.000010 0.642357 0.000010 0.357603
0.000010 0.000010 0.000010 0.617653 0.000010 0.382307
0.000010 0.000010 0.000010 0.623236 0.000010 0.376724
0.000010 0.000010 0.000010 0.582905 0.000010 0.417055
0.000010 0.000010 0.000010 0.615141 0.000010 0.384819
0.000010 0.000010 0.000013 0.600972 0.000010 0.398985
0.000010 0.000010 0.000010 0.587387 0.000010 0.412572
0.000010 0.000010 0.000010 0.683790 0.000010 0.316170
0.000010 0.000010 0.000010 0.693252 0.000010 0.306708
0.000010 0.000010 0.000010 0.663674 0.000010 0.336286
0.000010 0.000010 0.000010 0.626987 0.000010 0.372973
0.000010 0.000010 0.000010 0.708117 0.000010 0.291843
0.000010 0.003008 0.000010 0.662793 0.000010 0.334169
0.000010 0.000010 0.000010 0.675713 0.000010 0.324247
0.000011 0.000010 0.000010 0.674052 0.000010 0.325908
0.000010 0.000010 0.000010 0.616435 0.000010 0.383525
0.000010 0.000010 0.000010 0.654205 0.000010 0.345755
0.000010 0.000010 0.000010 0.674517 0.000010 0.325443
0.000010 0.000010 0.000010 0.681158 0.000010 0.318802
0.000010 0.000010 0.000010 0.667362 0.000010 0.332598
0.000010 0.000010 0.000010 0.636496 0.000010 0.363464
0.000010 0.000010 0.000010 0.661746 0.000010 0.338214
0.000010 0.000010 0.000010 0.666093 0.000010 0.333867
0.000010 0.000010 0.000010 0.686666 0.000010 0.313294
0.000010 0.000010 0.000011 0.666731 0.000010 0.333227
0.000010 0.000010 0.000010 0.641813 0.000010 0.358147
0.000010 0.000010 0.000010 0.644047 0.000010 0.355913
0.000010 0.000010 0.000010 0.652619 0.000010 0.347341
0.000010 0.000010 0.000010 0.629419 0.000010 0.370541
0.000010 0.000010 0.000019 0.660820 0.000010 0.339131
0.000010 0.000010 0.000010 0.644792 0.000010 0.355168
0.000010 0.000010 0.000010 0.660294 0.000010 0.339666
0.000010 0.000010 0.000010 0.649391 0.000010 0.350569
0.000010 0.000010 0.000010 0.665713 0.000010 0.334247
0.000010 0.000010 0.000010 0.641035 0.000010 0.358925
0.001360 0.000010 0.013426 0.000010 0.000010 0.985184
0.011420 0.000010 0.000010 0.016655 0.000010 0.971895
0.002336 0.000010 0.004996 0.194818 0.000010 0.797830
0.000010 0.000010 0.008025 0.000010 0.000010 0.991935
0.006564 0.002426 0.020446 0.000010 0.000010 0.970544
0.000010 0.000010 0.012686 0.065127 0.000010 0.922157
0.002727 0.000010 0.018070 0.038254 0.000010 0.940929
0.007349 0.000010 0.008228 0.067351 0.000010 0.917052
0.003747 0.024199 0.017712 0.303071 0.000010 0.651263
0.007676 0.000145 0.016400 0.000010 0.000010 0.975759
0.000011 0.000010 0.010354 0.000010 0.000010 0.989605
0.004325 0.000010 0.011304 0.000010 0.000010 0.984341
0.009463 0.000010 0.003002 0.000010 0.000010 0.987505
0.000956 0.000010 0.009506 0.000010 0.000010 0.989509
0.000010 0.000010 0.002114 0.060931 0.000010 0.936924
0.014874 0.000010 0.001684 0.086566 0.000010 0.896856
0.000010 0.004307 0.006121 0.176477 0.000010 0.813075
0.000010 0.000010 0.000010 0.653843 0.000010 0.346117
0.000010 0.000016 0.000010 0.677554 0.000010 0.322401
0.000010 0.000010 0.000010 0.699118 0.000010 0.300842
0.000010 0.000010 0.000010 0.643885 0.000010 0.356075
0.000010 0.000010 0.000010 0.672087 0.000010 0.327873
0.000010 0.000010 0.000010 0.676421 0.000010 0.323539
0.000010 0.000010 0.000010 0.696518 0.000010 0.303442
0.000010 0.000010 0.000010 0.667506 0.000010 0.332454
0.000010 0.000010 0.000010 0.654826 0.000010 0.345134
0.000010 0.000010 0.000010 0.671224 0.000010 0.328736
0.000010 0.000010 0.000010 0.633412 0.000010 0.366548
0.000010 0.000010 0.000010 0.672998 0.000010 0.326962
0.000010 0.000010 0.000010 0.760243 0.000010 0.239717
0.000010 0.000010 0.000010 0.675301 0.000010 0.324659
0.000010 0.003740 0.000010 0.670117 0.000010 0.326113
0.000010 0.004650 0.000010 0.673126 0.000010 0.322194
0.000010 0.000010 0.000011 0.704498 0.000010 0.295461
0.000010 0.000010 0.000010 0.668401 0.000010 0.331559
0.000010 0.000013 0.000010 0.696232 0.000010 0.303724
0.000010 0.000010 0.000013 0.680204 0.000010 0.319753
0.000010 0.000010 0.000010 0.685286 0.000010 0.314674
0.000010 0.000010 0.000011 0.673546 0.000010 0.326413
0.000010 0.000010 0.000010 0.685276 0.000010 0.314684
0.000010 0.000010 0.000018 0.683004 0.000010 0.316947
0.000010 0.000010 0.000010 0.693816 0.000010 0.306144
0.000010 0.000010 0.000010 0.645459 0.000010 0.354501
0.000010 0.000010 0.000010 0.696836 0.000010 0.303124
0.000010 0.000010 0.000010 0.672480 0.000010 0.327480
0.000010 0.000010 0.000010 0.703629 0.000010 0.296331
0.000010 0.000010 0.000012 0.682722 0.000010 0.317236
0.000010 0.000010 0.000010 0.673107 0.000010 0.326853
0.000010 0.000081 0.015725 0.034039 0.000010 0.950136
0.000010 0.000010 0.015089 0.000010 0.000010 0.984871
0.000010 0.000010 0.003513 0.117298 0.000010 0.879159
0.004797 0.000010 0.002131 0.000010 0.000010 0.993041
0.000010 0.000010 0.016211 0.000010 0.000010 0.983749
0.005566 0.000010 0.015728 0.000010 0.000010 0.978676
0.000010 0.000010 0.010503 0.122979 0.000010 0.866487
0.000010 0.000010 0.005895 0.092303 0.000010 0.901772
0.005782 0.002310 0.003852 0.181203 0.000010 0.806843
0.000010 0.000011 0.011468 0.011829 0.000010 0.976672
0.007374 0.000010 0.000010 0.213508 0.000010 0.779088
0.002819 0.000010 0.000010 0.000010 0.000010 0.997141
0.000010 0.000015 0.009769 0.024196 0.000010 0.966000
0.004022 0.000010 0.010810 0.051785 0.000010 0.933363
0.000010 0.000010 0.005956 0.013350 0.000010 0.980663
0.000014 0.000010 0.013266 0.034164 0.000010 0.952536
0.000010 0.000010 0.012942 0.000010 0.000010 0.987018
0.000996 0.021064 0.000010 0.000010 0.000010 0.977910
0.008292 0.014211 0.000010 0.000010 0.000010 0.977468
0.000010 0.021938 0.000010 0.000010 0.000010 0.978022
0.000010 0.000010 0.007678 0.173259 0.000010 0.819033
0.000616 0.000010 0.023606 0.073765 0.000010 0.901993
0.000010 0.000010 0.014159 0.028313 0.000010 0.957498
0.000010 0.000010 0.000010 0.102749 0.000010 0.897211
0.000010 0.000010 0.000010 0.216696 0.000010 0.783264
0.005025 0.000010 0.001549 0.000010 0.000010 0.993396
0.006412 0.000010 0.005232 0.071429 0.000010 0.916908
0.000010 0.000010 0.000010 0.122111 0.000010 0.877849
0.000010 0.000010 0.007861 0.015089 0.000010 0.977020
0.000010 0.000010 0.016947 0.126927 0.000010 0.856095
0.010339 0.000010 0.008802 0.026426 0.000010 0.954412
0.000010 0.000010 0.013267 0.000010 0.000010 0.986693
0.000010 0.000010 0.009300 0.000010 0.000010 0.990660
0.000010 0.000010 0.012235 0.000010 0.000010 0.987725
0.000010 0.000010 0.006131 0.000204 0.000010 0.993635
0.000010 0.000010 0.000010 0.000010 0.000010 0.999950
0.000010 0.000010 0.000010 0.016020 0.000010 0.983940
0.000010 0.000010 0.000010 0.120008 0.000010 0.879952
0.000010 0.010655 0.006189 0.099859 0.000010 0.883278
0.005736 0.000010 0.006277 0.121156 0.000010 0.866812
0.009917 0.000010 0.008650 0.112776 0.000010 0.868637
0.000010 0.000010 0.000010 0.118692 0.000010 0.881268
0.000010 0.000010 0.002465 0.033270 0.000010 0.964235
0.000010 0.000010 0.020729 0.040191 0.000010 0.939050
0.005389 0.000010 0.000010 0.161952 0.000010 0.832629
0.000010 0.000010 0.000010 0.014253 0.000010 0.985707
0.000010 0.000010 0.017325 0.106296 0.000010 0.876349
0.001203 0.013943 0.010516 0.294175 0.007470 0.672693
0.000010 0.000010 0.015429 0.000010 0.000010 0.984531
0.000010 0.000010 0.009288 0.000010 0.000010 0.990672
0.000010 0.000010 0.000010 0.322386 0.000010 0.677574
0.000010 0.000010 0.017093 0.038710 0.000010 0.944168
0.000010 0.000010 0.005524 0.133407 0.000010 0.861038
0.000010 0.000011 0.006818 0.000010 0.000010 0.993141
0.000010 0.000010 0.000010 0.318199 0.000010 0.681761
0.000013 0.000010 0.009924 0.055073 0.000010 0.934971
0.000010 0.000010 0.018349 0.024208 0.000010 0.957413
0.000017 0.000010 0.004507 0.129804 0.000010 0.865652
0.004068 0.000010 0.008369 0.073883 0.000010 0.913660
0.000010 0.000010 0.005391 0.097298 0.000010 0.897281
0.000010 0.000010 0.000010 0.000010 0.000010 0.999950
0.000010 0.010148 0.000010 0.102299 0.000010 0.887522
0.002670 0.000010 0.011995 0.000010 0.000010 0.985305
0.002101 0.000010 0.008814 0.076205 0.000010 0.912861
0.001714 0.000010 0.012705 0.056323 0.000010 0.929238
0.003779 0.000010 0.000010 0.000010 0.000010 0.996181
0.000010 0.000010 0.014428 0.057024 0.000010 0.928518
0.001401 0.000010 0.022145 0.076944 0.000010 0.899490
0.003833 0.000010 0.011408 0.000010 0.000010 0.984729
0.009335 0.000010 0.000817 0.000010 0.000010 0.989818
0.009600 0.000010 0.000010 0.047948 0.000010 0.942422
0.000010 0.000010 0.002421 0.000010 0.000010 0.997539
0.000010 0.000010 0.000010 0.000010 0.000010 0.999950
0.000010 0.000010 0.000010 0.137725 0.000010 0.862235
0.000010 0.000010 0.016258 0.027222 0.000010 0.956490
0.001250 0.000010 0.000010 0.074424 0.000010 0.924296
0.000010 0.000010 0.000010 0.268223 0.000010 0.731737
0.000010 0.000010 0.006798 0.026656 0.000010 0.966516
0.000010 0.000010 0.005964 0.000010 0.000010 0.993996
0.000010 0.000010 0.000468 0.000010 0.000010 0.999492
0.000010 0.000010 0.008636 0.047433 0.000010 0.943900
0.003983 0.000010 0.995977 0.000010 0.000010 0.000010
0.000010 0.000010 0.999950 0.000010 0.000010 0.000010
0.000010 0.000010 0.999950 0.000010 0.000010 0.000010
0.000010 0.000010 0.999950 0.000010 0.000010 0.000010
0.002037 0.000010 0.997923 0.000010 0.000010 0.000010
0.001798 0.000010 0.998162 0.000010 0.000010 0.000010
0.000010 0.000010 0.999950 0.000010 0.000010 0.000010
0.001821 0.000010 0.998139 0.000010 0.000010 0.000010
0.000010 0.000010 0.999950 0.000010 0.000010 0.000010
0.000010 0.000010 0.999950 0.000010 0.000010 0.000010
0.000010 0.000010 0.999950 0.000010 0.000010 0.000010
0.003690 0.000010 0.996270 0.000010 0.000010 0.000010
0.000010 0.000010 0.999950 0.000010 0.000010 0.000010
0.000010 0.000010 0.999950 0.000010 0.000010 0.000010
0.000010 0.000010 0.999950 0.000010 0.000010 0.000010
0.000010 0.000010 0.999950 0.000010 0.000010 0.000010
0.000010 0.000010 0.999950 0.000010 0.000010 0.000010
0.002411 0.000010 0.997549 0.000010 0.000010 0.000010
0.000010 0.000010 0.999950 0.000010 0.000010 0.000010
0.000010 0.000010 0.999950 0.000010 0.000010 0.000010
0.000010 0.000010 0.999950 0.000010 0.000010 0.000010
0.000010 0.000010 0.999950 0.000010 0.000010 0.000010
0.000010 0.000010 0.999950 0.000010 0.000010 0.000010
0.000010 0.000010 0.999950 0.000010 0.000010 0.000010
0.000010 0.000010 0.999950 0.000010 0.000010 0.000010
0.000010 0.000010 0.999950 0.000010 0.000010 0.000010
0.000010 0.000010 0.999950 0.000010 0.000010 0.000010
0.000010 0.000010 0.999950 0.000010 0.000010 0.000010
0.000010 0.000010 0.999950 0.000010 0.000010 0.000010
0.000010 0.000010 0.999950 0.000010 0.000010 0.000010
0.005033 0.000010 0.994927 0.000010 0.000010 0.000010
0.000010 0.000010 0.999950 0.000010 0.000010 0.000010
0.000010 0.000010 0.999950 0.000010 0.000010 0.000010
0.000010 0.000010 0.999950 0.000010 0.000010 0.000010
0.000012 0.000010 0.999948 0.000010 0.000010 0.000010
0.000010 0.000010 0.999950 0.000010 0.000010 0.000010
0.000010 0.000010 0.999950 0.000010 0.000010 0.000010
0.004855 0.000010 0.995105 0.000010 0.000010 0.000010
0.000010 0.000010 0.999950 0.000010 0.000010 0.000010
0.000010 0.000010 0.999950 0.000010 0.000010 0.000010
0.000010 0.000010 0.999950 0.000010 0.000010 0.000010
0.000010 0.000010 0.999950 0.000010 0.000010 0.000010
0.158615 0.000010 0.004982 0.746443 0.089940 0.000010
0.204568 0.007645 0.005151 0.608794 0.173832 0.000010
0.127962 0.024621 0.000010 0.775183 0.072215 0.000010
0.000010 0.000010 0.999950 0.000010 0.000010 0.000010
0.000010 0.000010 0.999950 0.000010 0.000010 0.000010
0.002303 0.000010 0.997657 0.000010 0.000010 0.000010
0.000010 0.000010 0.999950 0.000010 0.000010 0.000010
0.000010 0.000010 0.999950 0.000010 0.000010 0.000010
0.000010 0.000010 0.999950 0.000010 0.000010 0.000010
0.000010 0.000010 0.999950 0.000010 0.000010 0.000010
0.000010 0.000010 0.999950 0.000010 0.000010 0.000010
0.000010 0.000010 0.999950 0.000010 0.000010 0.000010
0.000010 0.000010 0.999950 0.000010 0.000010 0.000010
0.000010 0.000010 0.999950 0.000010 0.000010 0.000010
0.000010 0.010085 0.989875 0.000010 0.000010 0.000010
0.011101 0.000010 0.978270 0.000010 0.000010 0.010599
0.000010 0.000010 0.999950 0.000010 0.000010 0.000010
0.000010 0.000010 0.999950 0.000010 0.000010 0.000010
0.000010 0.000010 0.999950 0.000010 0.000010 0.000010
0.000010 0.000010 0.999950 0.000010 0.000010 0.000010
0.000010 0.000010 0.999950 0.000010 0.000010 0.000010
0.000010 0.000010 0.999950 0.000010 0.000010 0.000010
0.000010 0.000010 0.999949 0.000011 0.000010 0.000010
0.000010 0.000010 0.999950 0.000010 0.000010 0.000010
0.000010 0.000010 0.999950 0.000010 0.000010 0.000010
0.000010 0.000010 0.999950 0.000010 0.000010 0.000010
0.000010 0.000010 0.999950 0.000010 0.000010 0.000010
0.005012 0.000010 0.994948 0.000010 0.000010 0.000010
0.000010 0.000010 0.999950 0.000010 0.000010 0.000010
0.005020 0.000010 0.975726 0.011428 0.007806 0.000010
0.000010 0.000010 0.999950 0.000010 0.000010 0.000010
0.000010 0.000568 0.999392 0.000010 0.000010 0.000010
0.000010 0.000010 0.999950 0.000010 0.000010 0.000010
0.000010 0.000010 0.999950 0.000010 0.000010 0.000010
0.000010 0.000010 0.999950 0.000010 0.000010 0.000010
0.000010 0.000010 0.999950 0.000010 0.000010 0.000010
0.000010 0.000010 0.999950 0.000010 0.000010 0.000010
0.000010 0.000010 0.999950 0.000010 0.000010 0.000010
0.155548 0.004287 0.011098 0.681221 0.147835 0.000010
0.156074 0.001862 0.007748 0.657436 0.173004 0.003876
0.120403 0.013519 0.013951 0.784158 0.067960 0.000010
0.172634 0.002857 0.009938 0.735088 0.079472 0.000010
0.000010 0.000010 0.999950 0.000010 0.000010 0.000010
0.002085 0.000010 0.997875 0.000010 0.000010 0.000010
0.000010 0.000010 0.999950 0.000010 0.000010 0.000010
0.000010 0.000010 0.999950 0.000010 0.000010 0.000010
0.000010 0.000010 0.999946 0.000014 0.000010 0.000010
0.000010 0.000015 0.999945 0.000010 0.000010 0.000010
0.000010 0.000010 0.999950 0.000010 0.000010 0.000010
0.000010 0.000010 0.999950 0.000010 0.000010 0.000010
0.000010 0.000010 0.999950 0.000010 0.000010 0.000010
0.000010 0.000010 0.999950 0.000010 0.000010 0.000010
0.000010 0.000010 0.999950 0.000010 0.000010 0.000010
0.000010 0.000010 0.999950 0.000010 0.000010 0.000010
0.000010 0.000010 0.999950 0.000010 0.000010 0.000010
0.000010 0.000010 0.999950 0.000010 0.000010 0.000010
0.000010 0.000010 0.999950 0.000010 0.000010 0.000010
0.000010 0.000010 0.999950 0.000010 0.000010 0.000010
0.000010 0.000010 0.999950 0.000010 0.000010 0.000010
0.000010 0.000010 0.999950 0.000010 0.000010 0.000010
0.000010 0.000010 0.999950 0.000010 0.000010 0.000010
0.000010 0.000010 0.999950 0.000010 0.000010 0.000010
0.000010 0.000010 0.999950 0.000010 0.000010 0.000010
0.000010 0.000010 0.999950 0.000010 0.000010 0.000010
0.000010 0.000010 0.999950 0.000010 0.000010 0.000010
0.000010 0.000010 0.999950 0.000010 0.000010 0.000010
0.000010 0.000010 0.999950 0.000010 0.000010 0.000010
0.000010 0.000010 0.999950 0.000010 0.000010 0.000010
0.000010 0.000010 0.999950 0.000010 0.000010 0.000010
0.000010 0.000010 0.999950 0.000010 0.000010 0.000010
0.085127 0.000010 0.014274 0.861464 0.025935 0.013191
0.140653 0.000010 0.012202 0.800684 0.046441 0.000010
0.212442 0.000010 0.001880 0.668917 0.115098 0.001653
0.123465 0.001327 0.002395 0.798681 0.057465 0.016668
0.113685 0.000010 0.001487 0.763762 0.081318 0.039738
0.062863 0.000010 0.000010 0.697988 0.045704 0.193425
0.160841 0.000666 0.008177 0.708809 0.121497 0.000010
0.067456 0.006773 0.000010 0.861969 0.063781 0.000010
0.230927 0.000010 0.014734 0.674083 0.080236 0.000010
0.000010 0.009937 0.990023 0.000010 0.000010 0.000010
0.000010 0.000010 0.999950 0.000010 0.000010 0.000010
0.000010 0.000010 0.999950 0.000010 0.000010 0.000010
0.000010 0.000010 0.999950 0.000010 0.000010 0.000010
0.000010 0.012452 0.987505 0.000013 0.000010 0.000010
0.000010 0.000010 0.999950 0.000010 0.000010 0.000010
0.000010 0.000010 0.999950 0.000010 0.000010 0.000010
0.000010 0.000010 0.999950 0.000010 0.000010 0.000010
0.003754 0.000010 0.996206 0.000010 0.000010 0.000010
0.000010 0.012445 0.987515 0.000010 0.000010 0.000010
0.000010 0.000010 0.999950 0.000010 0.000010 0.000010
0.000010 0.000010 0.999950 0.000010 0.000010 0.000010
0.000010 0.000010 0.999950 0.000010 0.000010 0.000010
0.000010 0.000010 0.999950 0.000010 0.000010 0.000010
0.000010 0.000662 0.999298 0.000010 0.000010 0.000010
0.103435 0.000010 0.000291 0.785021 0.081625 0.029618
0.159116 0.000010 0.002358 0.732255 0.106251 0.000010
0.138386 0.000010 0.008181 0.615060 0.222484 0.015879
0.205710 0.019962 0.000914 0.566111 0.207293 0.000010
0.180249 0.000010 0.015143 0.572925 0.231663 0.000010
0.182709 0.000010 0.004745 0.747980 0.064547 0.000010
0.119078 0.000010 0.000010 0.754474 0.121295 0.005133
0.156166 0.014317 0.001923 0.663258 0.118017 0.046320
0.129705 0.000010 0.013745 0.755194 0.091950 0.009395
0.153430 0.000010 0.000727 0.778786 0.067036 0.000010
0.139130 0.012416 0.000396 0.495608 0.352441 0.000010
0.128146 0.003505 0.005676 0.694858 0.167804 0.000010
0.133731 0.000010 0.018009 0.742468 0.064293 0.041489
0.149847 0.000010 0.012162 0.761175 0.076795 0.000010
0.170219 0.000010 0.005045 0.745585 0.079131 0.000010
0.160536 0.000010 0.003238 0.780038 0.056168 0.000010
0.156564 0.000010 0.000010 0.765942 0.077464 0.000010
0.154288 0.002978 0.010930 0.751326 0.080468 0.000010
0.062815 0.012172 0.007660 0.798596 0.090927 0.027829
0.193097 0.019768 0.006998 0.585381 0.185545 0.009211
0.136604 0.000010 0.012674 0.680907 0.169796 0.000010
0.217922 0.011253 0.000010 0.682772 0.088033 0.000010
0.151705 0.000010 0.019245 0.617121 0.207204 0.004715
0.184528 0.001002 0.000010 0.716921 0.097529 0.000010
0.146343 0.013682 0.006226 0.712713 0.117683 0.003353
0.204290 0.000010 0.000010 0.667948 0.127732 0.000010
0.135883 0.013436 0.005575 0.638295 0.192285 0.014526
0.150771 0.021011 0.000010 0.657485 0.141021 0.029702
0.143369 0.022969 0.000131 0.600360 0.233161 0.000010
0.142827 0.009392 0.007171 0.699601 0.126839 0.014171
0.137701 0.000010 0.009061 0.746859 0.106359 0.000010
0.170197 0.000010 0.000010 0.738485 0.091288 0.000010
0.149213 0.000010 0.006568 0.748642 0.095557 0.000010
0.177642 0.000010 0.000010 0.679427 0.142901 0.000010
0.138868 0.000010 0.000010 0.669849 0.170758 0.020506
0.122735 0.003182 0.016020 0.771052 0.087001 0.000010
0.088545 0.000463 0.011778 0.771897 0.084396 0.042921
0.116069 0.000010 0.006983 0.666473 0.210455 0.000010
0.150221 0.000971 0.002316 0.661693 0.138313 0.046486
0.158873 0.000010 0.002253 0.718691 0.118908 0.001265
0.085741 0.012763 0.000010 0.869954 0.016608 0.014923
0.295364 0.000010 0.007929 0.691040 0.005647 0.000010
0.140462 0.007252 0.009470 0.810155 0.030708 0.001953
0.320222 0.026315 0.000010 0.569019 0.041596 0.042839
0.235072 0.000010 0.000010 0.644724 0.065847 0.054337
0.311392 0.000010 0.007286 0.505554 0.134588 0.041170
0.263666 0.000010 0.017416 0.634743 0.084155 0.000010
0.265867 0.013871 0.000010 0.660788 0.059454 0.000010
0.271349 0.012538 0.001020 0.651499 0.063584 0.000010
0.176611 0.000010 0.001644 0.799040 0.022685 0.000010
0.237291 0.000010 0.013061 0.598606 0.115708 0.035324
0.281364 0.000010 0.005544 0.621937 0.091135 0.000010
0.362473 0.001251 0.009850 0.606518 0.019898 0.000010
0.302069 0.000010 0.001314 0.497001 0.187652 0.011954
0.300481 0.010004 0.001616 0.651678 0.032702 0.003520
0.382490 0.016973 0.006420 0.418473 0.175634 0.000010
0.271465 0.005824 0.000010 0.654538 0.051328 0.016834
0.447270 0.000010 0.012984 0.441478 0.098247 0.000010
0.175135 0.007200 0.006260 0.638961 0.168113 0.004330
0.168600 0.018471 0.000944 0.717906 0.094069 0.000010
0.129634 0.010946 0.000010 0.762904 0.096496 0.000010
0.144678 0.000010 0.008465 0.570181 0.235330 0.041336
0.068807 0.023858 0.007670 0.874068 0.025587 0.000010
0.167402 0.000010 0.006283 0.693443 0.132851 0.000010
0.146144 0.006576 0.007801 0.636927 0.193125 0.009428
0.064368 0.000010 0.009696 0.865401 0.060514 0.000010
0.134362 0.000010 0.003989 0.767452 0.064579 0.029608
0.175587 0.000010 0.005204 0.696132 0.100627 0.022440
0.194848 0.000010 0.012692 0.711898 0.080543 0.000010
0.155892 0.003998 0.006142 0.677277 0.147909 0.008781
0.176381 0.000010 0.000010 0.707594 0.113475 0.002530
0.247285 0.000010 0.000010 0.544156 0.207748 0.000791
0.213194 0.000010 0.024503 0.542388 0.216889 0.003016
0.218443 0.000010 0.013852 0.618212 0.149474 0.000010
0.211259 0.011824 0.005310 0.683643 0.087953 0.000010
0.167286 0.005645 0.000010 0.764292 0.062757 0.000010
0.155179 0.004202 0.007133 0.644290 0.189186 0.000010
0.110693 0.011992 0.005553 0.827326 0.044426 0.000010
0.131313 0.000010 0.020921 0.747559 0.100186 0.000010
0.125112 0.000010 0.011410 0.738711 0.108928 0.015829
0.186826 0.000010 0.008614 0.602930 0.190448 0.011171
0.119036 0.011141 0.002928 0.749349 0.117536 0.000010
0.323192 0.013127 0.000010 0.580953 0.071129 0.011588
0.265585 0.004879 0.008252 0.695737 0.020025 0.005523
0.251227 0.000010 0.013306 0.675212 0.043557 0.016688
0.290019 0.000010 0.017248 0.509380 0.183333 0.000010
0.181798 0.003196 0.009709 0.785830 0.007151 0.012316
0.320520 0.008836 0.000010 0.637967 0.011747 0.020920
0.131662 0.000010 0.015577 0.808999 0.024241 0.019511
0.316369 0.006368 0.012296 0.539338 0.125620 0.000010
0.280311 0.004628 0.004827 0.635206 0.075019 0.000010
0.274680 0.000010 0.000010 0.647368 0.073391 0.004541
0.323962 0.002706 0.002553 0.488287 0.182482 0.000010
0.384698 0.001686 0.000010 0.605406 0.008190 0.000010
0.294540 0.003731 0.002080 0.680812 0.018827 0.000010
0.262742 0.004188 0.003969 0.703866 0.025225 0.000010
0.245948 0.011757 0.000010 0.675115 0.067160 0.000010
0.151696 0.005481 0.000010 0.597777 0.245026 0.000010
0.202409 0.011536 0.008477 0.649992 0.127576 0.000010
0.183414 0.024168 0.009082 0.652301 0.116669 0.014365
0.197117 0.009388 0.002719 0.640096 0.150670 0.000010
0.164381 0.000010 0.002410 0.601187 0.232002 0.000010
0.089310 0.017856 0.006647 0.759241 0.090863 0.036081
0.151422 0.004172 0.002947 0.714155 0.126423 0.000881
0.163412 0.001779 0.008782 0.708618 0.117399 0.000010
0.107132 0.007816 0.006303 0.742921 0.135818 0.000010
0.202638 0.000010 0.009031 0.689719 0.098591 0.000010
0.000010 0.003488 0.000010 0.633270 0.000010 0.363212
0.616756 0.000051 0.012739 0.352958 0.000010 0.017487
0.234436 0.000010 0.019877 0.382318 0.351744 0.011615
0.416665 0.009506 0.000010 0.492633 0.028364 0.052821
0.236373 0.000010 0.009194 0.688684 0.048802 0.016936
0.401436 0.011526 0.014461 0.536734 0.035834 0.000010
0.400497 0.001359 0.001227 0.500029 0.072327 0.024561
0.304157 0.004214 0.003713 0.673457 0.014449 0.000010
0.202039 0.000010 0.003918 0.762134 0.031888 0.000010
0.171895 0.000010 0.009009 0.792827 0.015258 0.011002
0.327117 0.006740 0.001716 0.595330 0.049743 0.019354
0.292784 0.000010 0.015425 0.644046 0.012836 0.034898
0.262720 0.005220 0.000010 0.675239 0.044539 0.012272
0.247301 0.001867 0.012097 0.677685 0.061041 0.000010
0.232003 0.000010 0.007661 0.597610 0.154750 0.007967
0.334943 0.000010 0.013501 0.483029 0.163826 0.004692
0.281874 0.000010 0.007803 0.538280 0.142667 0.029366
0.267503 0.000010 0.012931 0.604191 0.114945 0.000420
0.532197 0.000010 0.007623 0.336311 0.123849 0.000010
0.343225 0.000010 0.005037 0.618728 0.032990 0.000010
0.281360 0.000010 0.000129 0.704898 0.013594 0.000010
0.310669 0.000926 0.005519 0.522622 0.140234 0.020031
0.306910 0.000010 0.011015 0.579537 0.102519 0.000010
0.393132 0.002639 0.023180 0.544785 0.036254 0.000010
0.259542 0.000010 0.000010 0.700888 0.027698 0.011852
0.238051 0.000010 0.006741 0.700240 0.054949 0.000010
0.142907 0.016338 0.000010 0.780155 0.049220 0.011370
0.307351 0.000010 0.008396 0.399704 0.284529 0.000010
0.192506 0.004614 0.009696 0.634511 0.158663 0.000010
0.150867 0.003755 0.015954 0.624225 0.205190 0.000010
0.139118 0.000010 0.003646 0.779309 0.077907 0.000010
0.213976 0.018053 0.005862 0.598580 0.162879 0.000649
0.175947 0.013998 0.000010 0.627603 0.182432 0.000010
0.202486 0.009987 0.012145 0.617757 0.157615 0.000010
0.187258 0.020107 0.000010 0.619350 0.173266 0.000010
0.116060 0.017371 0.008019 0.761290 0.097250 0.000010
0.241557 0.000424 0.000010 0.673374 0.084626 0.000010
0.199045 0.014017 0.012148 0.643209 0.131571 0.000010
0.183349 0.017603 0.000010 0.626209 0.126669 0.046159
0.284389 0.015978 0.005218 0.573045 0.118676 0.002694
0.251044 0.003862 0.009256 0.707149 0.028679 0.000010
0.541365 0.009604 0.000010 0.388684 0.047636 0.012701
0.131873 0.000010 0.013623 0.843855 0.010629 0.000010
0.240720 0.000010 0.002996 0.501664 0.175496 0.079114
0.414107 0.007416 0.012210 0.520581 0.020259 0.025428
0.563832 0.009018 0.000010 0.364817 0.047441 0.014882
0.297999 0.004334 0.011617 0.596372 0.089668 0.000010
0.262045 0.027689 0.008905 0.618973 0.064546 0.017841
0.405337 0.000010 0.005777 0.557657 0.031209 0.000010
0.412869 0.009541 0.009782 0.523620 0.044177 0.000010
0.443667 0.003085 0.000010 0.518534 0.034694 0.000010
0.410814 0.009029 0.005118 0.409072 0.165956 0.000010
0.322500 0.007958 0.015388 0.364368 0.283265 0.006520
0.335295 0.000010 0.000010 0.475088 0.189587 0.000010
0.211630 0.000010 0.006073 0.770889 0.011388 0.000010
0.204295 0.002079 0.000497 0.776373 0.016745 0.000010
0.164793 0.011775 0.002770 0.767287 0.019668 0.033706
0.154605 0.000010 0.002293 0.820542 0.022540 0.000010
0.278183 0.009429 0.009453 0.354510 0.342264 0.006162
0.361870 0.016766 0.002968 0.582687 0.035700 0.000010
0.143170 0.000010 0.003081 0.660574 0.147214 0.045951
0.128726 0.000010 0.014982 0.835381 0.012795 0.008106
0.171561 0.000010 0.015083 0.801465 0.011872 0.000010
0.220152 0.003796 0.007469 0.739665 0.028909 0.000010
0.433880 0.000010 0.012619 0.456720 0.096761 0.000010
0.384472 0.000010 0.016021 0.475672 0.123814 0.000010
0.372881 0.010004 0.000010 0.549424 0.067420 0.000261
0.362901 0.000010 0.011363 0.581949 0.043767 0.000010
0.000010 0.010990 0.002009 0.893459 0.017986 0.075547
0.000010 0.000010 0.002984 0.849114 0.023993 0.123889
0.000010 0.003465 0.006936 0.907820 0.008387 0.073382
0.000949 0.000010 0.009331 0.905015 0.013599 0.071096
0.000010 0.010459 0.000010 0.885746 0.015245 0.088530
0.003426 0.000010 0.000010 0.927641 0.009110 0.059803
0.000010 0.003376 0.000010 0.909540 0.020002 0.067062
0.000907 0.003893 0.000010 0.899284 0.009921 0.085985
0.000010 0.000010 0.000010 0.878665 0.004522 0.116783
0.000010 0.000010 0.000010 0.903144 0.005370 0.091456
0.000010 0.000010 0.000010 0.912841 0.000010 0.087119
0.000010 0.000010 0.000010 0.911891 0.000010 0.088069
0.000010 0.000010 0.000016 0.897546 0.000010 0.102409
0.000010 0.000010 0.000014 0.900916 0.000010 0.099040
0.000010 0.000010 0.000010 0.892181 0.000010 0.107779
0.000010 0.000010 0.000020 0.875130 0.000010 0.124821
0.000010 0.004098 0.000668 0.917036 0.010884 0.067303
0.001197 0.000010 0.001736 0.924966 0.015968 0.056123
0.001113 0.009126 0.000010 0.908604 0.029970 0.051177
0.000010 0.000010 0.002532 0.911210 0.019353 0.066885
0.000010 0.002674 0.007010 0.899611 0.019243 0.071452
0.000010 0.000010 0.001514 0.898903 0.018336 0.081226
0.004832 0.000010 0.000307 0.865893 0.007673 0.121286
0.000010 0.005184 0.003829 0.880336 0.007314 0.103327
0.236541 0.000010 0.013782 0.695717 0.053940 0.000010
0.257126 0.000010 0.006441 0.359092 0.377321 0.000010
0.337782 0.026841 0.013211 0.398224 0.223932 0.000010
0.731553 0.000010 0.000010 0.268407 0.000010 0.000010
0.487857 0.000010 0.004623 0.437994 0.011643 0.057872
0.692874 0.000010 0.000010 0.266702 0.000010 0.040394
0.999950 0.000010 0.000010 0.000010 0.000010 0.000010
0.457166 0.021765 0.000010 0.438379 0.057498 0.025181
0.633774 0.007939 0.000010 0.326422 0.000010 0.031845
0.003828 0.747969 0.000016 0.155397 0.000010 0.092780
0.015285 0.717105 0.000010 0.164120 0.000010 0.103470
0.008703 0.711379 0.000010 0.178820 0.000010 0.101079
0.002369 0.667483 0.000010 0.231986 0.000010 0.098143
0.000010 0.014985 0.984189 0.000010 0.000010 0.000795
0.000010 0.035356 0.962101 0.000010 0.000010 0.002513
0.000010 0.021196 0.976305 0.002469 0.000010 0.000010
0.000221 0.022694 0.975799 0.000010 0.000010 0.001266
0.000010 0.019846 0.980114 0.000010 0.000010 0.000010
0.000010 0.012672 0.987288 0.000010 0.000010 0.000010
0.000459 0.000010 0.005511 0.901230 0.015619 0.077171
0.000010 0.000010 0.001200 0.884285 0.016572 0.097923
0.000010 0.000010 0.002370 0.890453 0.007833 0.099324
0.000010 0.000010 0.000010 0.865088 0.010985 0.123897
0.000492 0.006459 0.000010 0.913012 0.010366 0.069661
0.003530 0.000010 0.000010 0.902898 0.014342 0.079210
0.000010 0.000010 0.001387 0.909815 0.015872 0.072906
0.000010 0.000010 0.008898 0.876174 0.020827 0.094081
0.000010 0.008100 0.000010 0.889995 0.007666 0.094219
0.000010 0.000010 0.004727 0.896364 0.005142 0.093748
0.005450 0.000575 0.007713 0.930718 0.010349 0.045195
0.022508 0.000010 0.001572 0.889355 0.008233 0.078322
0.000010 0.002431 0.000010 0.892633 0.009261 0.095656
0.003662 0.000010 0.006090 0.896437 0.017081 0.076721
0.004557 0.000010 0.000010 0.907187 0.017877 0.070359
0.000417 0.000010 0.011434 0.940534 0.015355 0.032250
0.003891 0.000010 0.000010 0.888350 0.009700 0.098039
0.000010 0.000345 0.013570 0.929684 0.014615 0.041777
0.003575 0.000010 0.003324 0.924757 0.055851 0.012484
0.000010 0.014627 0.003655 0.923708 0.036907 0.021093
0.004705 0.000010 0.000010 0.939728 0.000010 0.055537
0.000010 0.007906 0.000010 0.893646 0.008338 0.090089
0.000010 0.010960 0.000282 0.822922 0.028730 0.137097
0.000010 0.000010 0.000010 0.847783 0.046508 0.105679
0.000010 0.004857 0.008714 0.896556 0.007741 0.082122
0.000010 0.000010 0.000010 0.859065 0.008102 0.132803
0.000010 0.002569 0.000010 0.901142 0.003008 0.093260
0.000010 0.020939 0.000010 0.934083 0.000010 0.044948
0.000010 0.000010 0.000010 0.926328 0.000010 0.073632
0.000010 0.003906 0.000010 0.976954 0.003613 0.015507
0.006992 0.000010 0.003250 0.905009 0.009151 0.075588
0.000010 0.000010 0.000010 0.865181 0.007613 0.127175
0.000010 0.000010 0.000010 0.922391 0.001527 0.076052
0.000010 0.002041 0.001493 0.867111 0.000246 0.129100
0.000010 0.000010 0.000010 0.860770 0.024950 0.114249
0.000010 0.000010 0.000010 0.847418 0.009686 0.142866
0.000010 0.006139 0.000552 0.897047 0.050781 0.045471
0.001555 0.010228 0.005705 0.885819 0.041118 0.055575
0.005667 0.013700 0.000010 0.907092 0.022016 0.051515
0.000010 0.002234 0.008844 0.927887 0.018215 0.042810
0.000010 0.000010 0.000014 0.928837 0.000010 0.071119
0.000010 0.000010 0.000010 0.920521 0.000010 0.079439
0.005574 0.000010 0.006620 0.888291 0.026448 0.073056
0.000010 0.000010 0.002886 0.898650 0.018873 0.079571
0.002862 0.000010 0.000010 0.886202 0.012415 0.098501
0.000010 0.001467 0.002294 0.849376 0.017473 0.129379
0.000425 0.000010 0.003492 0.884302 0.018765 0.093006
0.000010 0.004993 0.003959 0.881415 0.020322 0.089300
0.000010 0.000010 0.000010 0.904940 0.007864 0.087166
0.004757 0.000010 0.000010 0.910964 0.009409 0.074850
0.000010 0.000010 0.010835 0.918184 0.011565 0.059395
0.000010 0.012365 0.000010 0.927401 0.021420 0.038794
0.000010 0.007267 0.000010 0.904006 0.007506 0.081201
0.000010 0.000010 0.000010 0.877362 0.007317 0.115290
0.000010 0.013453 0.000010 0.903008 0.012193 0.071327
0.008329 0.014645 0.000010 0.903179 0.025394 0.048442
0.000010 0.015584 0.000010 0.926267 0.015772 0.042357
0.001208 0.030748 0.000310 0.897355 0.017771 0.052609
0.000010 0.000010 0.000010 0.904037 0.010636 0.085297
0.000010 0.000010 0.000010 0.911969 0.000704 0.087296
0.001491 0.007733 0.000397 0.918582 0.002584 0.069213
0.000010 0.000010 0.000010 0.875885 0.008595 0.115490
0.000010 0.000010 0.000843 0.877499 0.000010 0.121628
0.000010 0.000010 0.000010 0.883690 0.000010 0.116270
0.000010 0.000010 0.000010 0.876195 0.001208 0.122567
0.000010 0.005499 0.003500 0.877831 0.008264 0.104896
0.000010 0.000010 0.000010 0.873668 0.017025 0.109277
0.000010 0.005046 0.000771 0.925070 0.013383 0.055720
0.000010 0.009678 0.000010 0.836482 0.001188 0.152631
0.000010 0.012048 0.000010 0.859391 0.000010 0.128531
0.000010 0.000010 0.000010 0.692715 0.000010 0.307245
0.000010 0.000010 0.000010 0.678237 0.000010 0.321723
0.000010 0.000010 0.000010 0.665524 0.000010 0.334436
0.000010 0.000010 0.999950 0.000010 0.000010 0.000010
0.000010 0.012435 0.987525 0.000010 0.000010 0.000010
0.000010 0.000532 0.999428 0.000010 0.000010 0.000010
0.000010 0.005053 0.994907 0.000010 0.000010 0.000010
0.004372 0.000010 0.995588 0.000010 0.000010 0.000010
0.000010 0.000010 0.999950 0.000010 0.000010 0.000010
0.000014 0.000010 0.999943 0.000013 0.000010 0.000010
0.000010 0.005776 0.994184 0.000010 0.000010 0.000010
0.000010 0.000010 0.999950 0.000010 0.000010 0.000010
0.000010 0.000010 0.999950 0.000010 0.000010 0.000010
0.000010 0.000010 0.999893 0.000067 0.000010 0.000010
0.000010 0.000010 0.999950 0.000010 0.000010 0.000010
0.000010 0.000010 0.999950 0.000010 0.000010 0.000010
0.000010 0.000010 0.999950 0.000010 0.000010 0.000010
0.000010 0.000010 0.999950 0.000010 0.000010 0.000010
0.000010 0.003628 0.996332 0.000010 0.000010 0.000010
0.000010 0.000010 0.999950 0.000010 0.000010 0.000010
0.000010 0.000010 0.999950 0.000010 0.000010 0.000010
0.000010 0.003034 0.996926 0.000010 0.000010 0.000010
0.000010 0.008704 0.991256 0.000010 0.000010 0.000010
0.000010 0.000010 0.999950 0.000010 0.000010 0.000010
0.000010 0.000010 0.999950 0.000010 0.000010 0.000010
0.000010 0.014354 0.985606 0.000010 0.000010 0.000010
0.000010 0.024960 0.974999 0.000010 0.000010 0.000010
0.000010 0.018538 0.979172 0.000010 0.000010 0.002260
0.000010 0.012801 0.987159 0.000010 0.000010 0.000010
0.000010 0.027226 0.969484 0.003260 0.000010 0.000010
0.000239 0.024576 0.975154 0.000010 0.000010 0.000010
0.000010 0.034948 0.965012 0.000010 0.000010 0.000010
0.000010 0.027114 0.971702 0.000824 0.000010 0.000341
0.000010 0.021999 0.974668 0.000010 0.000010 0.003303
0.000010 0.030403 0.969557 0.000010 0.000010 0.000010
0.000010 0.022350 0.973684 0.003936 0.000010 0.000010
0.003420 0.008946 0.987604 0.000010 0.000010 0.000010
0.000010 0.028579 0.971381 0.000010 0.000010 0.000010
0.000010 0.024554 0.975406 0.000010 0.000010 0.000010
0.000010 0.030391 0.968986 0.000010 0.000010 0.000594
0.000010 0.030906 0.969054 0.000010 0.000010 0.000010
0.000010 0.020543 0.979359 0.000068 0.000010 0.000010
0.000010 0.004700 0.989536 0.005734 0.000010 0.000010
0.000010 0.009347 0.989292 0.001330 0.000010 0.000010
0.000010 0.014983 0.975930 0.000010 0.000010 0.009057
0.000010 0.030626 0.968889 0.000010 0.000010 0.000456
0.000014 0.012907 0.984718 0.000010 0.000010 0.002341
0.000010 0.022244 0.977716 0.000010 0.000010 0.000010
0.000010 0.014499 0.985461 0.000010 0.000010 0.000010
0.000010 0.022133 0.975980 0.001856 0.000010 0.000010
0.000010 0.024141 0.966946 0.008883 0.000010 0.000010
0.000010 0.022932 0.977027 0.000011 0.000010 0.000010
0.000010 0.008738 0.988299 0.000010 0.000010 0.002933
0.000010 0.017955 0.982005 0.000010 0.000010 0.000010
0.000010 0.038072 0.961888 0.000010 0.000010 0.000010
0.006954 0.021252 0.971472 0.000302 0.000010 0.000010
0.000010 0.009295 0.983466 0.000010 0.000010 0.007209
0.000010 0.029479 0.970481 0.000010 0.000010 0.000010
0.000010 0.020967 0.975748 0.003256 0.000010 0.000010
0.001989 0.000755 0.006771 0.106341 0.845466 0.038679
0.003533 0.312677 0.054412 0.029641 0.552108 0.047630
0.001577 0.006752 0.000564 0.011083 0.966050 0.013973
0.000010 0.000010 0.000010 0.102974 0.857678 0.039319
0.003679 0.000010 0.000010 0.052999 0.940294 0.003008
0.000010 0.000010 0.000010 0.079571 0.878622 0.041777
0.000010 0.000010 0.000010 0.024488 0.968927 0.006555
0.004326 0.000010 0.000010 0.116599 0.875605 0.003451
0.746599 0.000010 0.000010 0.173057 0.076075 0.004250
0.589784 0.000010 0.000010 0.294273 0.115913 0.000010
0.001607 0.000010 0.000017 0.047723 0.911656 0.038987
0.005913 0.000010 0.000010 0.015638 0.970371 0.008058
0.000010 0.000013 0.000010 0.050230 0.906188 0.043550
0.000733 0.007479 0.001419 0.098095 0.849962 0.042312
0.000010 0.006349 0.000010 0.052755 0.926996 0.013881
0.907531 0.000010 0.000010 0.067945 0.000010 0.024494
0.819504 0.000010 0.000010 0.177683 0.000010 0.002783
0.999950 0.000010 0.000010 0.000010 0.000010 0.000010
0.792232 0.000010 0.000010 0.166828 0.000010 0.040910
0.999950 0.000010 0.000010 0.000010 0.000010 0.000010
0.711678 0.000010 0.058572 0.110853 0.116369 0.002518
0.999944 0.000010 0.000016 0.000010 0.000010 0.000010
0.999950 0.000010 0.000010 0.000010 0.000010 0.000010
0.857743 0.000010 0.000010 0.140346 0.000010 0.001881
0.667197 0.000010 0.055308 0.170600 0.089998 0.016886
0.773595 0.000010 0.000010 0.201143 0.000010 0.025232
0.691790 0.001114 0.000010 0.250576 0.032366 0.024145
0.999948 0.000010 0.000012 0.000010 0.000010 0.000010
0.826260 0.000010 0.000010 0.166374 0.000010 0.007335
0.852149 0.000010 0.006688 0.068470 0.060937 0.011746
0.889049 0.000010 0.000010 0.110911 0.000010 0.000010
0.546375 0.000010 0.382908 0.070686 0.000010 0.000010
0.825076 0.000010 0.000010 0.157810 0.000010 0.017084
0.648501 0.002153 0.017414 0.307905 0.024016 0.000010
0.676499 0.000010 0.058686 0.094736 0.170059 0.000010
0.893897 0.000010 0.005351 0.048998 0.051734 0.000010
0.999950 0.000010 0.000010 0.000010 0.000010 0.000010
0.953195 0.000010 0.000010 0.046765 0.000010 0.000010
0.965926 0.000010 0.000010 0.000010 0.000010 0.034034
0.001577 0.000010 0.002901 0.057052 0.917612 0.020848
0.004843 0.000010 0.001992 0.095001 0.858627 0.039527
0.999950 0.000010 0.000010 0.000010 0.000010 0.000010
0.630911 0.008851 0.000010 0.250080 0.089330 0.020818
0.668295 0.000010 0.000010 0.295343 0.000010 0.036332
0.999950 0.000010 0.000010 0.000010 0.000010 0.000010
0.710259 0.000010 0.004756 0.256605 0.000010 0.028360
0.601687 0.000010 0.004540 0.220597 0.155080 0.018086
0.855837 0.000010 0.000010 0.100104 0.024037 0.020002
0.999950 0.000010 0.000010 0.000010 0.000010 0.000010
0.719430 0.000010 0.000010 0.280530 0.000010 0.000010
0.839577 0.000010 0.000010 0.160383 0.000010 0.000010
0.761877 0.000010 0.000010 0.231361 0.000010 0.006732
0.766654 0.000010 0.000010 0.205067 0.026157 0.002102
0.836329 0.000010 0.000010 0.163631 0.000010 0.000010
0.000011 0.002971 0.000010 0.055154 0.920023 0.021831
0.000010 0.000010 0.000010 0.116299 0.864193 0.019479
0.001164 0.000017 0.000010 0.289292 0.577736 0.131780
0.001448 0.000274 0.000010 0.103126 0.847581 0.047561
0.002305 0.004735 0.000720 0.037245 0.926654 0.028340
0.784514 0.005596 0.000767 0.198855 0.010259 0.000010
0.962971 0.000010 0.000010 0.015662 0.000010 0.021337
0.926489 0.000010 0.000010 0.067358 0.000010 0.006122
0.826831 0.000010 0.007371 0.153128 0.000010 0.012650
0.866286 0.000010 0.000010 0.133674 0.000010 0.000010
0.342066 0.004486 0.000010 0.244299 0.388814 0.020325
0.889667 0.000010 0.000010 0.110293 0.000010 0.000010
0.000010 0.000534 0.000634 0.097945 0.855521 0.045355
0.000010 0.000010 0.000010 0.097639 0.839372 0.062959
0.000010 0.000010 0.000010 0.061762 0.931985 0.006223
0.000478 0.000010 0.008330 0.027547 0.963625 0.000010
0.000010 0.002774 0.002219 0.088176 0.878470 0.028351
0.000010 0.097666 0.894544 0.000010 0.000010 0.007761
0.000010 0.033101 0.958543 0.008326 0.000010 0.000010
