0.000010 0.000010 0.000010 0.613011 0.000010 0.386949
0.000010 0.000010 0.000010 0.649274 0.000010 0.350686
0.000010 0.000010 0.000010 0.630558 0.000010 0.369402
0.000010 0.003283 0.000010 0.658892 0.000010 0.337795
0.000010 0.000010 0.000010 0.640636 0.000010 0.359324
0.001091 0.000010 0.000010 0.564214 0.000010 0.434665
0.000010 0.000010 0.000010 0.649825 0.000010 0.350135
0.001388 0.000010 0.000010 0.645659 0.000010 0.352923
0.000010 0.008238 0.000010 0.599308 0.000010 0.392424
0.001766 0.000010 0.000010 0.596695 0.000010 0.401510
0.000010 0.000010 0.000010 0.600968 0.000010 0.398992
0.000010 0.000010 0.000010 0.682761 0.000010 0.317199
0.000010 0.000010 0.000010 0.596711 0.000010 0.403249
0.000014 0.009220 0.000010 0.595907 0.000010 0.394840
0.000010 0.000010 0.000010 0.592660 0.000010 0.407300
0.000010 0.005001 0.000010 0.604964 0.000010 0.390005
0.000010 0.000010 0.000010 0.615301 0.000010 0.384659
0.000010 0.000010 0.000010 0.594624 0.000010 0.405336
0.000010 0.000010 0.000010 0.629200 0.000010 0.370760
0.000010 0.007672 0.000010 0.609059 0.000010 0.383238
0.000010 0.000010 0.000010 0.643854 0.000010 0.356106
0.000010 0.000011 0.000010 0.614453 0.000010 0.385506
0.000010 0.000010 0.000010 0.616885 0.000010 0.383075
0.000010 0.000010 0.000010 0.590955 0.000010 0.409005
0.000010 0.000010 0.000010 0.590312 0.000010 0.409648
0.000010 0.000010 0.000010 0.626230 0.000010 0.373730
0.000010 0.000010 0.000010 0.567834 0.000010 0.432126
0.000010 0.000010 0.000010 0.641429 0.000010 0.358531
0.000010 0.000010 0.000010 0.660121 0.000010 0.339839
0.000010 0.000010 0.000010 0.671846 0.000010 0.328114
0.000903 0.000010 0.000010 0.628765 0.000010 0.370302
0.000010 0.009436 0.000010 0.652152 0.000010 0.338382
0.000010 0.007624 0.000015 0.627585 0.000010 0.364757
0.000010 0.000010 0.000010 0.671173 0.000010 0.328787
0.000010 0.000010 0.000010 0.672191 0.000010 0.327769
0.000010 0.000010 0.000010 0.587605 0.000010 0.412355
0.000013 0.000010 0.000010 0.652703 0.000010 0.347254
0.000010 0.000010 0.000010 0.671302 0.000010 0.328658
0.000010 0.000010 0.000010 0.642188 0.000010 0.357772
0.000010 0.000010 0.000010 0.632655 0.000010 0.367305
0.000010 0.000010 0.000010 0.617971 0.000010 0.381989
0.000010 0.000010 0.000010 0.654590 0.000010 0.345370
0.000010 0.000010 0.000010 0.630176 0.000010 0.369784
0.000010 0.001907 0.000010 0.656663 0.000010 0.341400
0.000010 0.000010 0.000010 0.641985 0.000010 0.357975
0.001062 0.000010 0.000010 0.655734 0.000010 0.343174
0.000012 0.000010 0.000010 0.631939 0.000010 0.368019
0.000010 0.000264 0.000010 0.671194 0.000010 0.328512
0.000017 0.003070 0.000010 0.604581 0.000010 0.392312
0.000010 0.000010 0.000010 0.646168 0.000010 0.353792
0.000010 0.000460 0.000010 0.653262 0.000010 0.346248
0.000010 0.000010 0.000010 0.658978 0.000010 0.340982
0.000010 0.000010 0.000010 0.625895 0.000010 0.374065
0.000010 0.000010 0.000010 0.643689 0.000010 0.356271
0.000010 0.000010 0.000010 0.646483 0.000010 0.353477
0.008061 0.000010 0.020052 0.000014 0.000010 0.971853
0.007741 0.000010 0.000010 0.015589 0.000010 0.976640
0.001551 0.000010 0.006230 0.197301 0.000010 0.794898
0.000010 0.000010 0.028631 0.008001 0.000010 0.963338
0.010479 0.000010 0.027064 0.047935 0.000010 0.914502
0.000010 0.000010 0.028077 0.064193 0.000010 0.907700
0.000010 0.001544 0.022475 0.067705 0.000010 0.908256
0.004905 0.010696 0.012236 0.078071 0.000010 0.894083
0.000010 0.012698 0.025628 0.297792 0.005741 0.658131
0.014477 0.000010 0.018542 0.014252 0.000010 0.952709
0.000010 0.000010 0.024536 0.014130 0.000010 0.961304
0.010299 0.000010 0.019866 0.027339 0.000010 0.942476
0.012814 0.000010 0.006118 0.000010 0.000010 0.981037
0.000010 0.000010 0.023832 0.000010 0.000010 0.976128
0.007639 0.000010 0.004124 0.098339 0.000010 0.889878
0.007799 0.000010 0.016512 0.091035 0.000010 0.884634
0.000010 0.006190 0.021020 0.180566 0.000010 0.792204
0.002787 0.000010 0.000010 0.661297 0.000010 0.335886
0.000010 0.000010 0.000010 0.678424 0.000010 0.321536
0.000010 0.000010 0.000010 0.672486 0.000010 0.327474
0.000010 0.000012 0.000010 0.653648 0.000010 0.346310
0.000010 0.000010 0.000010 0.676995 0.000010 0.322965
0.000010 0.000011 0.000010 0.685273 0.000010 0.314686
0.000010 0.000010 0.000010 0.695413 0.000010 0.304547
0.000010 0.000010 0.000010 0.656882 0.000010 0.343078
0.000010 0.000010 0.000010 0.589883 0.000010 0.410077
0.000010 0.000010 0.000010 0.647313 0.000010 0.352647
0.001761 0.002497 0.000010 0.645577 0.000010 0.350145
0.000010 0.000010 0.000010 0.671393 0.000010 0.328567
0.000327 0.000010 0.000010 0.710503 0.000010 0.289140
0.000010 0.000010 0.000010 0.639564 0.000010 0.360396
0.000019 0.000010 0.000010 0.651820 0.000010 0.348131
0.000010 0.004627 0.000010 0.643412 0.000010 0.351931
0.000017 0.000010 0.000010 0.676283 0.000010 0.323670
0.000010 0.000010 0.000010 0.632215 0.000010 0.367745
0.000010 0.000010 0.000010 0.673968 0.000010 0.325992
0.000010 0.001919 0.000010 0.693715 0.000010 0.304336
0.000010 0.002506 0.000010 0.670927 0.000010 0.326538
0.000010 0.000010 0.000010 0.646760 0.000010 0.353200
0.000020 0.000010 0.000010 0.658793 0.000010 0.341157
0.000010 0.000010 0.000010 0.687759 0.000010 0.312201
0.000010 0.000010 0.000010 0.685038 0.000010 0.314922
0.002051 0.000010 0.000010 0.635270 0.000010 0.362649
0.000010 0.000010 0.000010 0.676195 0.000010 0.323765
0.000010 0.000010 0.000010 0.650604 0.000010 0.349356
0.000010 0.000010 0.000010 0.684348 0.000010 0.315612
0.000010 0.000010 0.000010 0.665863 0.000010 0.334097
0.000010 0.000010 0.000010 0.616491 0.000010 0.383469
0.005045 0.010686 0.013406 0.048281 0.000010 0.922572
0.000010 0.000010 0.027449 0.000010 0.000010 0.972511
0.003189 0.000010 0.005918 0.126602 0.000010 0.864271
0.012739 0.000010 0.000010 0.000010 0.000010 0.987221
0.000011 0.000013 0.031640 0.000010 0.000010 0.968316
0.002572 0.000010 0.032548 0.000010 0.000010 0.964850
0.000010 0.000010 0.020444 0.149815 0.000010 0.829711
0.003948 0.000010 0.009363 0.083337 0.000010 0.903332
0.000010 0.021576 0.002203 0.165870 0.000010 0.810331
0.003934 0.000010 0.021172 0.027896 0.000010 0.946978
0.007287 0.000010 0.000017 0.230644 0.000010 0.762031
0.015217 0.000298 0.000010 0.010549 0.000010 0.973915
0.002153 0.000877 0.014765 0.048597 0.000010 0.933598
0.000010 0.000010 0.017255 0.036607 0.000010 0.946108
0.002680 0.000010 0.020570 0.031544 0.000010 0.945186
0.000010 0.000010 0.016095 0.074009 0.000010 0.909866
0.000010 0.000010 0.016287 0.000010 0.000010 0.983673
0.006444 0.000010 0.008704 0.000010 0.000010 0.984822
0.005801 0.000010 0.003998 0.000010 0.000010 0.990170
0.000010 0.000010 0.007358 0.000010 0.000010 0.992602
0.000533 0.010806 0.007295 0.188671 0.000010 0.792685
0.000010 0.000010 0.027403 0.077850 0.000010 0.894717
0.010876 0.000010 0.018930 0.064998 0.000010 0.905175
0.000010 0.000016 0.007012 0.121453 0.000010 0.871499
0.002868 0.000010 0.000010 0.222225 0.000010 0.774877
0.007062 0.008190 0.010655 0.014431 0.000010 0.959652
0.013845 0.000010 0.002274 0.091707 0.000010 0.892154
0.000010 0.000010 0.003421 0.113539 0.000010 0.883010
0.005194 0.002542 0.006829 0.057721 0.000010 0.927704
0.000017 0.000010 0.017074 0.109174 0.000010 0.873715
0.009637 0.003502 0.026450 0.086796 0.000010 0.873604
0.000010 0.000010 0.019721 0.000010 0.000010 0.980239
0.011588 0.000016 0.004087 0.000010 0.000010 0.984288
0.000010 0.000010 0.021989 0.000010 0.000010 0.977971
0.000010 0.000010 0.022949 0.025543 0.000010 0.951478
0.000010 0.000010 0.020196 0.054960 0.000010 0.924815
0.004554 0.000010 0.016188 0.046196 0.000010 0.933042
0.003235 0.000010 0.002612 0.150643 0.000010 0.843491
0.004798 0.000010 0.001018 0.113908 0.000010 0.880256
0.007199 0.000010 0.004196 0.121941 0.000010 0.866644
0.007427 0.000010 0.019898 0.139797 0.000010 0.832858
0.006291 0.000011 0.006567 0.107496 0.000010 0.879624
0.000010 0.000010 0.001719 0.088428 0.000010 0.909823
0.000011 0.000010 0.022843 0.050744 0.000010 0.926382
0.004454 0.000010 0.009919 0.176826 0.000010 0.808782
0.000010 0.000010 0.009359 0.054924 0.000010 0.935687
0.000010 0.000010 0.032180 0.120934 0.000010 0.846856
0.007594 0.011430 0.015346 0.313845 0.006518 0.645267
0.000010 0.000010 0.021996 0.016388 0.000010 0.961586
0.005073 0.000010 0.016286 0.000787 0.000010 0.977834
0.006856 0.000010 0.000010 0.345845 0.000010 0.647269
0.006401 0.000010 0.022262 0.048519 0.000010 0.922797
0.005550 0.001431 0.009941 0.122623 0.000010 0.860445
0.000010 0.000010 0.019795 0.000010 0.000010 0.980165
0.000018 0.000010 0.000016 0.307967 0.000010 0.691979
0.001655 0.000010 0.018168 0.065862 0.000010 0.914294
0.000010 0.000010 0.009542 0.048985 0.000010 0.941443
0.014837 0.000010 0.000056 0.171091 0.000010 0.813996
0.000010 0.000010 0.017764 0.098157 0.000010 0.884049
0.001306 0.000010 0.001061 0.103703 0.000010 0.893910
0.000010 0.000010 0.005056 0.000010 0.000010 0.994904
0.006848 0.009805 0.004836 0.113231 0.000010 0.865270
0.001507 0.000010 0.009165 0.000010 0.000010 0.989299
0.006522 0.002842 0.020116 0.087973 0.000010 0.882537
0.008557 0.000010 0.016054 0.054709 0.000010 0.920660
0.002447 0.000010 0.015195 0.000010 0.000010 0.982329
0.008229 0.009151 0.008054 0.054088 0.000010 0.920469
0.014737 0.000012 0.015299 0.130478 0.000010 0.839465
0.007153 0.000010 0.023446 0.000010 0.000010 0.969371
0.003075 0.000010 0.014398 0.000010 0.000010 0.982497
0.002852 0.005273 0.003878 0.074894 0.000010 0.913092
0.005527 0.000010 0.006701 0.067512 0.000010 0.920240
0.000010 0.000010 0.007940 0.000010 0.000010 0.992020
0.000010 0.000010 0.000010 0.134113 0.000010 0.865847
0.000015 0.000010 0.024583 0.056885 0.000010 0.918497
0.006472 0.003765 0.007957 0.076358 0.000010 0.905439
0.002358 0.000974 0.001263 0.268614 0.000010 0.726782
0.000010 0.000010 0.012342 0.072836 0.000010 0.914793
0.009229 0.000010 0.006561 0.000010 0.000010 0.984180
0.000010 0.000010 0.009138 0.000010 0.000010 0.990822
0.007654 0.000010 0.012217 0.056888 0.000010 0.923221
0.006931 0.000010 0.993029 0.000010 0.000010 0.000010
0.003879 0.000010 0.996081 0.000010 0.000010 0.000010
0.000010 0.000010 0.999950 0.000010 0.000010 0.000010
0.000010 0.000010 0.999950 0.000010 0.000010 0.000010
0.001138 0.000010 0.998822 0.000010 0.000010 0.000010
0.000010 0.000010 0.999950 0.000010 0.000010 0.000010
0.000010 0.000010 0.999950 0.000010 0.000010 0.000010
0.000010 0.000010 0.999950 0.000010 0.000010 0.000010
0.000010 0.000010 0.999950 0.000010 0.000010 0.000010
0.000010 0.000010 0.999950 0.000010 0.000010 0.000010
0.005806 0.000010 0.994154 0.000010 0.000010 0.000010
0.000341 0.000010 0.999619 0.000010 0.000010 0.000010
0.000010 0.000010 0.999950 0.000010 0.000010 0.000010
0.004235 0.000010 0.995721 0.000014 0.000010 0.000010
0.000010 0.000010 0.999950 0.000010 0.000010 0.000010
0.000010 0.000010 0.999950 0.000010 0.000010 0.000010
0.004978 0.000010 0.994982 0.000010 0.000010 0.000010
0.005617 0.000010 0.994343 0.000010 0.000010 0.000010
0.003744 0.000010 0.996216 0.000010 0.000010 0.000010
0.004793 0.000010 0.995167 0.000010 0.000010 0.000010
0.000010 0.000010 0.999950 0.000010 0.000010 0.000010
0.002167 0.000010 0.997793 0.000010 0.000010 0.000010
0.000010 0.000010 0.999950 0.000010 0.000010 0.000010
0.010424 0.000010 0.989533 0.000013 0.000010 0.000010
0.003924 0.000010 0.996036 0.000010 0.000010 0.000010
0.000010 0.000010 0.999950 0.000010 0.000010 0.000010
0.000010 0.000010 0.999950 0.000010 0.000010 0.000010
0.004687 0.000010 0.995273 0.000010 0.000010 0.000010
0.000010 0.000010 0.999950 0.000010 0.000010 0.000010
0.000010 0.000010 0.999950 0.000010 0.000010 0.000010
0.000010 0.000010 0.999950 0.000010 0.000010 0.000010
0.000010 0.000010 0.999950 0.000010 0.000010 0.000010
0.000010 0.000010 0.999950 0.000010 0.000010 0.000010
0.000383 0.000010 0.999577 0.000010 0.000010 0.000010
0.003338 0.000010 0.996622 0.000010 0.000010 0.000010
0.000010 0.000010 0.999950 0.000010 0.000010 0.000010
0.000010 0.000010 0.999950 0.000010 0.000010 0.000010
0.004862 0.000010 0.995098 0.000010 0.000010 0.000010
0.000010 0.000010 0.999950 0.000010 0.000010 0.000010
0.000010 0.000010 0.999950 0.000010 0.000010 0.000010
0.002365 0.000010 0.997595 0.000010 0.000010 0.000010
0.000010 0.000010 0.999950 0.000010 0.000010 0.000010
0.147428 0.000010 0.025881 0.741338 0.085333 0.000010
0.205354 0.000010 0.005676 0.614751 0.174199 0.000010
0.118220 0.021298 0.005792 0.781797 0.072884 0.000010
0.005716 0.000010 0.994244 0.000010 0.000010 0.000010
0.000010 0.000010 0.999950 0.000010 0.000010 0.000010
0.006486 0.000010 0.993474 0.000010 0.000010 0.000010
0.000010 0.000010 0.999950 0.000010 0.000010 0.000010
0.000010 0.000010 0.999950 0.000010 0.000010 0.000010
0.000010 0.000010 0.999950 0.000010 0.000010 0.000010
0.000010 0.000010 0.999950 0.000010 0.000010 0.000010
0.000010 0.000010 0.999950 0.000010 0.000010 0.000010
0.000010 0.000010 0.999950 0.000010 0.000010 0.000010
0.000010 0.000010 0.999950 0.000010 0.000010 0.000010
0.008280 0.000010 0.991680 0.000010 0.000010 0.000010
0.000899 0.013027 0.986045 0.000010 0.000010 0.000010
0.021141 0.000010 0.971485 0.002994 0.000010 0.004360
0.000010 0.000010 0.999950 0.000010 0.000010 0.000010
0.000010 0.000010 0.999950 0.000010 0.000010 0.000010
0.000010 0.000010 0.999950 0.000010 0.000010 0.000010
0.000010 0.000010 0.999950 0.000010 0.000010 0.000010
0.000010 0.000010 0.999950 0.000010 0.000010 0.000010
0.000010 0.000010 0.999950 0.000010 0.000010 0.000010
0.000514 0.000010 0.999446 0.000010 0.000010 0.000010
0.000010 0.000010 0.999950 0.000010 0.000010 0.000010
0.000424 0.000010 0.999536 0.000010 0.000010 0.000010
0.000010 0.000010 0.999950 0.000010 0.000010 0.000010
0.007148 0.000010 0.992812 0.000010 0.000010 0.000010
0.008226 0.000010 0.991734 0.000010 0.000010 0.000010
0.000010 0.000010 0.999950 0.000010 0.000010 0.000010
0.000010 0.000010 0.978681 0.001559 0.013672 0.006068
0.000010 0.000010 0.999950 0.000010 0.000010 0.000010
0.000010 0.009386 0.990574 0.000010 0.000010 0.000010
0.000010 0.000010 0.999950 0.000010 0.000010 0.000010
0.005155 0.000010 0.994805 0.000010 0.000010 0.000010
0.000010 0.000010 0.999950 0.000010 0.000010 0.000010
0.000010 0.000010 0.999950 0.000010 0.000010 0.000010
0.000010 0.000010 0.999950 0.000010 0.000010 0.000010
0.000010 0.000010 0.999950 0.000010 0.000010 0.000010
0.143311 0.000428 0.018730 0.692276 0.138790 0.006465
0.161708 0.013906 0.000109 0.649742 0.174525 0.000010
0.117032 0.009487 0.011510 0.785917 0.076044 0.000010
0.169200 0.016114 0.001474 0.728398 0.084804 0.000010
0.000010 0.000010 0.999950 0.000010 0.000010 0.000010
0.000010 0.000010 0.999950 0.000010 0.000010 0.000010
0.000010 0.000010 0.999950 0.000010 0.000010 0.000010
0.000010 0.000010 0.999950 0.000010 0.000010 0.000010
0.000010 0.000010 0.999950 0.000010 0.000010 0.000010
0.000010 0.000010 0.999950 0.000010 0.000010 0.000010
0.000010 0.000010 0.999950 0.000010 0.000010 0.000010
0.000010 0.000010 0.999948 0.000012 0.000010 0.000010
0.000010 0.000010 0.999950 0.000010 0.000010 0.000010
0.000010 0.000010 0.999950 0.000010 0.000010 0.000010
0.000010 0.000010 0.999950 0.000010 0.000010 0.000010
0.000010 0.000010 0.999950 0.000010 0.000010 0.000010
0.000010 0.000010 0.999950 0.000010 0.000010 0.000010
0.000010 0.000010 0.999950 0.000010 0.000010 0.000010
0.000010 0.000010 0.999950 0.000010 0.000010 0.000010
0.000032 0.000010 0.999928 0.000010 0.000010 0.000010
0.003677 0.000010 0.996283 0.000010 0.000010 0.000010
0.003442 0.000010 0.996508 0.000020 0.000010 0.000010
0.000010 0.000010 0.999950 0.000010 0.000010 0.000010
0.000010 0.000010 0.999950 0.000010 0.000010 0.000010
0.003430 0.000010 0.996530 0.000010 0.000010 0.000010
0.000010 0.000010 0.999950 0.000010 0.000010 0.000010
0.000010 0.000010 0.999950 0.000010 0.000010 0.000010
0.000010 0.000010 0.999950 0.000010 0.000010 0.000010
0.000010 0.000010 0.999950 0.000010 0.000010 0.000010
0.000010 0.000010 0.999950 0.000010 0.000010 0.000010
0.000010 0.000010 0.999950 0.000010 0.000010 0.000010
0.000010 0.000010 0.999950 0.000010 0.000010 0.000010
0.083087 0.000010 0.011265 0.883936 0.021692 0.000010
0.138690 0.003926 0.005000 0.802125 0.050249 0.000010
0.210137 0.000010 0.012375 0.670055 0.104456 0.002967
0.120322 0.000010 0.005072 0.775304 0.061504 0.037787
0.115353 0.000010 0.000631 0.733337 0.087078 0.063591
0.057436 0.000010 0.000171 0.688773 0.047751 0.205860
0.152548 0.000010 0.005930 0.723758 0.117744 0.000010
0.064622 0.000912 0.002303 0.866187 0.065965 0.000010
0.221151 0.000010 0.023269 0.670247 0.085312 0.000010
0.000010 0.006658 0.993302 0.000010 0.000010 0.000010
0.000010 0.000423 0.999537 0.000010 0.000010 0.000010
0.000010 0.000010 0.997088 0.002872 0.000010 0.000010
0.000012 0.000010 0.999948 0.000010 0.000010 0.000010
0.000010 0.016236 0.983724 0.000010 0.000010 0.000010
0.000010 0.005386 0.994574 0.000010 0.000010 0.000010
0.000010 0.000010 0.999950 0.000010 0.000010 0.000010
0.000010 0.000010 0.999950 0.000010 0.000010 0.000010
0.000010 0.011909 0.988051 0.000010 0.000010 0.000010
0.000010 0.017395 0.982565 0.000010 0.000010 0.000010
0.000010 0.000010 0.999950 0.000010 0.000010 0.000010
0.000010 0.000010 0.999950 0.000010 0.000010 0.000010
0.000010 0.000010 0.999950 0.000010 0.000010 0.000010
0.000010 0.010644 0.989316 0.000010 0.000010 0.000010
0.000010 0.000010 0.999950 0.000010 0.000010 0.000010
0.096450 0.000010 0.012171 0.775310 0.075592 0.040467
0.152577 0.010644 0.007605 0.710768 0.110240 0.008166
0.139692 0.000010 0.004738 0.589422 0.227393 0.038745
0.200726 0.015188 0.005910 0.570167 0.207999 0.000010
0.192447 0.000010 0.010510 0.565388 0.222859 0.008786
0.172720 0.000010 0.011274 0.752165 0.063820 0.000010
0.113371 0.003162 0.000866 0.726015 0.121955 0.034632
0.158676 0.007836 0.015765 0.688718 0.119661 0.009343
0.123243 0.000355 0.016103 0.744079 0.092014 0.024207
0.155252 0.000726 0.006819 0.764377 0.070923 0.001902
0.128732 0.000010 0.013091 0.504090 0.354067 0.000010
0.123190 0.000010 0.021017 0.686977 0.168795 0.000010
0.131623 0.000010 0.023771 0.755901 0.068702 0.019993
0.145264 0.000010 0.012980 0.764548 0.077188 0.000010
0.160103 0.000010 0.006007 0.747975 0.085895 0.000010
0.159413 0.000010 0.000010 0.768701 0.061061 0.010805
0.157768 0.006034 0.003700 0.753994 0.078494 0.000010
0.154886 0.000010 0.009078 0.750645 0.085371 0.000010
0.062122 0.018659 0.015034 0.783881 0.077898 0.042407
0.182063 0.000010 0.025301 0.591314 0.182292 0.019020
0.146040 0.008621 0.000010 0.675344 0.169975 0.000010
0.229733 0.011843 0.000010 0.673960 0.084444 0.000010
0.158768 0.000010 0.015681 0.617337 0.207532 0.000673
0.172078 0.008206 0.001003 0.701231 0.097338 0.020145
0.135773 0.017617 0.004809 0.710987 0.115816 0.014998
0.198356 0.019048 0.000010 0.651327 0.124874 0.006385
0.134367 0.000010 0.001143 0.639346 0.188647 0.036486
0.152140 0.000010 0.000010 0.669299 0.151495 0.027046
0.138469 0.028418 0.006720 0.587822 0.238561 0.000010
0.139285 0.000010 0.019517 0.703768 0.127968 0.009452
0.150081 0.012636 0.002365 0.730369 0.104539 0.000010
0.168815 0.000010 0.004130 0.731392 0.095643 0.000010
0.147075 0.000010 0.009960 0.746512 0.096433 0.000010
0.173311 0.000010 0.005786 0.681557 0.139327 0.000010
0.134975 0.000010 0.003907 0.634514 0.167847 0.058747
0.124663 0.006429 0.018420 0.761270 0.082933 0.006286
0.086079 0.000010 0.006966 0.745803 0.084717 0.076426
0.119152 0.000010 0.005798 0.651983 0.223047 0.000010
0.149588 0.016088 0.008300 0.658015 0.130297 0.037711
0.152814 0.000010 0.006379 0.700653 0.113411 0.026734
0.076316 0.000010 0.001686 0.892609 0.021842 0.007536
0.300522 0.000010 0.015880 0.674205 0.009373 0.000010
0.136368 0.005222 0.007753 0.807576 0.040042 0.003040
0.319963 0.009633 0.012921 0.603788 0.038415 0.015281
0.234921 0.000010 0.000010 0.646718 0.061050 0.057291
0.306160 0.011967 0.012244 0.501921 0.138712 0.028995
0.265783 0.012870 0.008145 0.593886 0.089430 0.029886
0.259681 0.000794 0.007960 0.635039 0.057696 0.038830
0.266570 0.002863 0.019526 0.655463 0.055568 0.000010
0.177509 0.000010 0.011397 0.780527 0.020396 0.010161
0.230269 0.000010 0.002997 0.597995 0.118974 0.049756
0.275759 0.000010 0.006066 0.596018 0.095555 0.026592
0.353163 0.002869 0.018398 0.596330 0.019273 0.009967
0.304843 0.000010 0.000010 0.496822 0.186378 0.011938
0.285677 0.016335 0.007920 0.639231 0.033712 0.017125
0.375389 0.012373 0.012566 0.425430 0.174233 0.000010
0.267228 0.007726 0.000010 0.648462 0.048107 0.028466
0.436183 0.000010 0.022558 0.445306 0.095933 0.000010
0.168562 0.000010 0.016455 0.632653 0.182309 0.000010
0.173029 0.016711 0.002033 0.689804 0.092872 0.025550
0.120026 0.000010 0.007863 0.774743 0.097347 0.000010
0.143741 0.000010 0.012046 0.557299 0.235498 0.051406
0.068453 0.049475 0.000010 0.859458 0.022595 0.000010
0.166196 0.002840 0.008743 0.688695 0.133516 0.000010
0.152513 0.003353 0.003464 0.638516 0.191412 0.010742
0.064740 0.000010 0.001727 0.864072 0.069441 0.000010
0.117297 0.004710 0.014408 0.772741 0.063226 0.027619
0.163054 0.000010 0.005482 0.698981 0.097831 0.034642
0.195299 0.007506 0.019647 0.696652 0.080885 0.000010
0.163167 0.000010 0.004614 0.656318 0.146491 0.029400
0.162767 0.000010 0.015101 0.698425 0.112669 0.011028
0.239807 0.000010 0.015089 0.538479 0.189564 0.017051
0.213870 0.001663 0.030242 0.538925 0.215291 0.000010
0.220268 0.000010 0.024206 0.608791 0.146715 0.000010
0.209120 0.011678 0.006952 0.678425 0.093816 0.000010
0.165821 0.000010 0.000010 0.771236 0.062913 0.000010
0.152404 0.000010 0.004183 0.656310 0.187083 0.000010
0.103316 0.003268 0.015422 0.813573 0.039795 0.024626
0.130977 0.017940 0.017260 0.739168 0.094646 0.000010
0.130421 0.002294 0.011795 0.740764 0.114716 0.000010
0.177054 0.000010 0.008752 0.617061 0.191631 0.005493
0.114026 0.006476 0.007728 0.734016 0.116143 0.021612
0.327401 0.005782 0.011245 0.573314 0.074042 0.008217
0.273142 0.000022 0.014901 0.669232 0.018452 0.024250
0.247046 0.000010 0.024645 0.682205 0.043742 0.002353
0.284098 0.000010 0.021676 0.505310 0.176886 0.012020
0.190889 0.000010 0.006421 0.775285 0.008617 0.018778
0.314285 0.009355 0.003744 0.639295 0.012062 0.021259
0.124029 0.000010 0.013589 0.824797 0.024309 0.013267
0.323924 0.006266 0.001345 0.541229 0.127226 0.000010
0.272746 0.000010 0.007351 0.645378 0.074505 0.000010
0.266966 0.000010 0.003790 0.647919 0.078420 0.002895
0.318814 0.000010 0.009752 0.477319 0.179316 0.014789
0.370878 0.006645 0.014581 0.582856 0.006613 0.018428
0.295184 0.000010 0.000010 0.659363 0.014658 0.030775
0.253461 0.000010 0.020359 0.700212 0.025811 0.000147
0.239989 0.006536 0.005369 0.683874 0.064223 0.000010
0.140912 0.002883 0.010871 0.596819 0.248505 0.000010
0.198252 0.011093 0.007231 0.649779 0.133634 0.000010
0.186396 0.019822 0.019395 0.633339 0.113625 0.027424
0.185631 0.000010 0.000352 0.608432 0.156585 0.048989
0.163042 0.000010 0.003602 0.605773 0.227563 0.000010
0.094477 0.000010 0.025137 0.768364 0.090713 0.021298
0.141512 0.007256 0.004782 0.711050 0.122657 0.012743
0.168719 0.000010 0.010765 0.704705 0.115792 0.000010
0.096538 0.003827 0.014188 0.735055 0.141709 0.008684
0.208759 0.000010 0.012806 0.676548 0.101867 0.000010
0.004816 0.000010 0.000010 0.653217 0.000010 0.341937
0.606546 0.020534 0.004747 0.343271 0.006138 0.018762
0.226938 0.000010 0.022063 0.379776 0.353824 0.017388
0.414283 0.000010 0.000010 0.491390 0.033968 0.060340
0.231323 0.015779 0.010762 0.672207 0.049215 0.020715
0.396774 0.012288 0.016809 0.532976 0.041142 0.000010
0.396556 0.000010 0.000010 0.482469 0.074108 0.046848
0.299455 0.001075 0.004277 0.648862 0.014063 0.032269
0.199567 0.010832 0.003284 0.742007 0.029307 0.015004
0.164320 0.000010 0.004177 0.765152 0.017860 0.048481
0.311633 0.010691 0.000010 0.568585 0.056640 0.052441
0.279847 0.000010 0.016579 0.641126 0.017676 0.044762
0.261035 0.011137 0.006865 0.662301 0.039752 0.018911
0.236816 0.025036 0.013274 0.660543 0.060359 0.003972
0.245083 0.003543 0.007415 0.596138 0.143354 0.004467
0.322370 0.000010 0.022675 0.487160 0.167775 0.000010
0.279968 0.023375 0.003335 0.509267 0.151118 0.032938
0.261143 0.000010 0.021418 0.590122 0.115251 0.012056
0.523490 0.000010 0.010655 0.343500 0.122336 0.000010
0.339172 0.000010 0.009452 0.615776 0.035581 0.000010
0.272267 0.000010 0.009011 0.688346 0.008712 0.021654
0.301605 0.000744 0.014353 0.549984 0.133304 0.000010
0.300706 0.003831 0.019154 0.567443 0.106923 0.001943
0.386789 0.000010 0.027751 0.541529 0.043911 0.000010
0.254231 0.009691 0.000010 0.673848 0.030106 0.032114
0.228651 0.000010 0.022993 0.688601 0.059735 0.000010
0.142713 0.010442 0.010901 0.778569 0.055333 0.002042
0.306689 0.000347 0.001055 0.402414 0.289485 0.000010
0.197346 0.008650 0.000010 0.622339 0.167048 0.004606
0.145950 0.007949 0.019104 0.611588 0.205171 0.010237
0.131675 0.000010 0.022242 0.746309 0.079118 0.020646
0.202684 0.012454 0.009089 0.605372 0.170391 0.000010
0.168169 0.004858 0.000010 0.643207 0.181597 0.002160
0.195412 0.010081 0.010658 0.613947 0.155715 0.014187
0.174103 0.008363 0.019930 0.624909 0.169245 0.003449
0.119159 0.002564 0.009557 0.741345 0.104407 0.022969
0.234281 0.000010 0.000010 0.677280 0.088410 0.000010
0.193066 0.002855 0.021593 0.641842 0.135413 0.005230
0.179600 0.017111 0.007067 0.621883 0.126447 0.047892
0.290030 0.008218 0.004556 0.565737 0.119941 0.011518
0.244185 0.000010 0.021506 0.708531 0.025757 0.000010
0.525905 0.001210 0.008628 0.378023 0.045120 0.041113
0.118814 0.000010 0.013922 0.839020 0.015284 0.012950
0.232450 0.000010 0.009527 0.534260 0.175231 0.048521
0.401836 0.012872 0.024435 0.523354 0.015814 0.021688
0.570175 0.000371 0.001545 0.375565 0.047258 0.005086
0.290720 0.000010 0.024307 0.589226 0.095726 0.000010
0.252684 0.004744 0.021280 0.615615 0.067515 0.038161
0.380417 0.000010 0.019390 0.555009 0.032901 0.012274
0.408902 0.003337 0.000010 0.521590 0.055610 0.010550
0.431705 0.006890 0.000010 0.523901 0.037484 0.000010
0.392678 0.006984 0.003538 0.427568 0.169222 0.000010
0.322096 0.000010 0.018547 0.357764 0.287924 0.013659
0.322752 0.013195 0.007664 0.467207 0.189171 0.000010
0.210238 0.000010 0.007323 0.767719 0.014700 0.000010
0.192462 0.002567 0.009988 0.770102 0.024871 0.000010
0.170730 0.000010 0.001683 0.793611 0.022084 0.011882
0.151561 0.000010 0.000010 0.826024 0.022385 0.000010
0.271170 0.002664 0.009333 0.321328 0.350582 0.044924
0.373539 0.000010 0.002271 0.585388 0.038782 0.000010
0.147375 0.018169 0.001032 0.634785 0.148743 0.049897
0.127959 0.025971 0.010763 0.806309 0.013289 0.015709
0.178218 0.001606 0.012289 0.789298 0.018579 0.000010
0.214665 0.004327 0.011421 0.735566 0.026720 0.007301
0.423040 0.000010 0.023740 0.441825 0.091986 0.019399
0.378647 0.000010 0.025814 0.471601 0.123918 0.000010
0.377155 0.000010 0.001450 0.564074 0.057301 0.000010
0.361732 0.000010 0.015537 0.577943 0.041991 0.002786
0.000010 0.013208 0.006440 0.879270 0.013997 0.087075
0.000010 0.000010 0.009943 0.828659 0.019749 0.141629
0.000010 0.006589 0.006163 0.894133 0.006228 0.086876
0.008802 0.000010 0.011802 0.896217 0.012867 0.070302
0.000010 0.000010 0.000010 0.869024 0.017364 0.113583
0.004029 0.010891 0.004411 0.857620 0.006144 0.116905
0.000010 0.000010 0.000010 0.916079 0.024397 0.059495
0.000010 0.006226 0.000010 0.917717 0.009215 0.066821
0.002022 0.005087 0.000010 0.898617 0.004649 0.089615
0.000010 0.000010 0.000010 0.885263 0.003228 0.111479
0.000010 0.000010 0.000010 0.926774 0.000010 0.073186
0.000529 0.000010 0.000010 0.899389 0.000010 0.100052
0.000010 0.000010 0.000010 0.886147 0.000010 0.113813
0.000010 0.000010 0.000010 0.870114 0.000010 0.129846
0.000010 0.000010 0.000010 0.882748 0.000010 0.117212
0.000010 0.000010 0.000010 0.847287 0.000010 0.152673
0.000010 0.003630 0.005628 0.911558 0.013777 0.065397
0.000010 0.000010 0.011741 0.912721 0.013743 0.061775
0.006043 0.007328 0.000967 0.875869 0.032914 0.076878
0.000010 0.002108 0.008904 0.874313 0.016896 0.097769
0.000010 0.000010 0.011190 0.862566 0.018856 0.107368
0.000010 0.000994 0.000010 0.908217 0.017273 0.073496
0.001577 0.000010 0.003075 0.863776 0.007026 0.124535
0.003019 0.001184 0.008640 0.854222 0.010233 0.122701
0.232499 0.000010 0.015838 0.698921 0.052723 0.000010
0.238813 0.006181 0.011596 0.358554 0.384847 0.000010
0.320169 0.011533 0.026537 0.415602 0.226149 0.000010
0.712990 0.002926 0.007054 0.276346 0.000010 0.000674
0.480055 0.000010 0.008163 0.432027 0.012302 0.067443
0.693660 0.000010 0.001819 0.300225 0.000010 0.004275
0.999950 0.000010 0.000010 0.000010 0.000010 0.000010
0.452233 0.011121 0.004256 0.458091 0.060337 0.013963
0.626676 0.007153 0.000010 0.325501 0.000010 0.040649
0.005029 0.713865 0.000010 0.161103 0.000010 0.119983
0.011097 0.698402 0.014347 0.174079 0.000010 0.102065
0.010735 0.693287 0.002938 0.198069 0.000010 0.094961
0.000010 0.655126 0.000010 0.270750 0.000010 0.074095
0.000010 0.013077 0.986856 0.000010 0.000010 0.000037
0.000010 0.042451 0.957509 0.000010 0.000010 0.000010
0.000561 0.014240 0.975415 0.009765 0.000010 0.000010
0.000447 0.026552 0.972635 0.000346 0.000010 0.000010
0.000010 0.024949 0.975011 0.000010 0.000010 0.000010
0.000010 0.020079 0.979881 0.000010 0.000010 0.000010
0.000010 0.000010 0.000010 0.861238 0.015127 0.123605
0.000010 0.000642 0.002894 0.856070 0.018413 0.121972
0.007750 0.000010 0.000010 0.895729 0.012115 0.084386
0.008608 0.000010 0.000010 0.855144 0.010954 0.125274
0.005178 0.006391 0.007637 0.883173 0.006632 0.090989
0.000010 0.000010 0.005162 0.852325 0.018033 0.124460
0.000010 0.000010 0.005964 0.885559 0.013424 0.095033
0.000010 0.000010 0.011505 0.869462 0.024273 0.094740
0.000365 0.025238 0.000010 0.879467 0.008750 0.086169
0.000010 0.021860 0.000010 0.869202 0.004681 0.104237
0.000010 0.000010 0.012460 0.889790 0.016386 0.081344
0.014787 0.000010 0.006266 0.889262 0.006027 0.083648
0.000010 0.015596 0.000718 0.865936 0.007911 0.109829
0.006278 0.000010 0.002478 0.865051 0.012979 0.113205
0.000495 0.003586 0.000010 0.920950 0.012337 0.062622
0.003076 0.000010 0.017136 0.923944 0.014703 0.041132
0.004643 0.000010 0.001364 0.853441 0.008878 0.131663
0.000010 0.003301 0.017534 0.905250 0.018114 0.055791
0.002196 0.004992 0.000010 0.900830 0.057869 0.034103
0.001011 0.000010 0.006587 0.899179 0.040946 0.052267
0.001916 0.000010 0.004071 0.939496 0.002555 0.051952
0.000010 0.010281 0.006621 0.891813 0.006446 0.084829
0.000010 0.014760 0.007433 0.828426 0.034094 0.115277
0.002406 0.000010 0.000010 0.834922 0.042753 0.119899
0.001470 0.000010 0.007686 0.882369 0.005140 0.103325
0.000010 0.000404 0.000010 0.866087 0.009517 0.123973
0.000010 0.003889 0.000428 0.930858 0.000010 0.064805
0.000010 0.014379 0.000984 0.888352 0.000010 0.096266
0.000010 0.000010 0.002386 0.888496 0.000010 0.109088
0.000010 0.000010 0.008028 0.918359 0.005268 0.068325
0.000010 0.000010 0.007106 0.928548 0.005351 0.058976
0.000010 0.000010 0.003225 0.847173 0.008510 0.141072
0.000010 0.003826 0.000010 0.870966 0.006431 0.118757
0.000010 0.000010 0.000083 0.865565 0.006109 0.128223
0.004368 0.000010 0.000010 0.862159 0.023159 0.110294
0.001195 0.000010 0.012540 0.819138 0.011516 0.155601
0.003081 0.006920 0.002432 0.871767 0.050417 0.065383
0.000010 0.000010 0.003139 0.871538 0.045225 0.080078
0.004316 0.019644 0.000010 0.893083 0.019153 0.063793
0.000010 0.000548 0.006468 0.924971 0.022046 0.045957
0.002594 0.000010 0.001180 0.903767 0.000010 0.092439
0.000010 0.000010 0.000010 0.926156 0.000010 0.073804
0.000370 0.000010 0.006284 0.853574 0.026523 0.113239
0.000010 0.000010 0.010272 0.872647 0.018124 0.098937
0.000010 0.000010 0.006406 0.872371 0.008212 0.112991
0.000010 0.004447 0.007419 0.831745 0.017420 0.138960
0.000010 0.005505 0.006523 0.871803 0.021451 0.094709
0.000010 0.008496 0.003118 0.853784 0.021397 0.113195
0.000010 0.000010 0.000010 0.908140 0.007961 0.083869
0.008333 0.011816 0.000010 0.898367 0.006596 0.074878
0.000010 0.000010 0.015138 0.887063 0.012270 0.085508
0.000010 0.016084 0.000529 0.916831 0.016613 0.049934
0.000010 0.002639 0.006842 0.890570 0.009200 0.090739
0.000010 0.002325 0.000010 0.851279 0.009428 0.136948
0.002049 0.008105 0.000010 0.870920 0.014304 0.104613
0.000010 0.011738 0.007558 0.852697 0.028419 0.099578
0.002681 0.000010 0.000010 0.897562 0.019113 0.080624
0.001322 0.003871 0.009753 0.894582 0.021695 0.068776
0.000010 0.000010 0.005257 0.898593 0.011705 0.084425
0.003397 0.000010 0.000017 0.904432 0.000010 0.092134
0.000010 0.023976 0.000010 0.893930 0.005651 0.076423
0.000205 0.000010 0.000221 0.881965 0.006209 0.111389
0.000010 0.017751 0.000010 0.851594 0.002256 0.128379
0.000010 0.000010 0.005677 0.887183 0.000010 0.107111
0.000010 0.000010 0.000010 0.840856 0.000691 0.158423
0.000010 0.001894 0.011262 0.899136 0.009689 0.078009
0.000010 0.009035 0.005503 0.891250 0.015031 0.079171
0.000010 0.000742 0.004210 0.872137 0.010828 0.112073
0.000010 0.000010 0.000010 0.839085 0.000010 0.160875
0.000010 0.000010 0.005592 0.855417 0.000010 0.138960
0.000010 0.000010 0.000010 0.681562 0.000010 0.318398
0.000010 0.002248 0.000010 0.665780 0.000010 0.331942
0.000010 0.003408 0.000010 0.673760 0.000010 0.322801
0.000010 0.000010 0.999950 0.000010 0.000010 0.000010
0.000010 0.010466 0.989494 0.000010 0.000010 0.000010
0.000010 0.000016 0.999944 0.000010 0.000010 0.000010
0.000010 0.010683 0.987222 0.002065 0.000010 0.000010
0.009133 0.001424 0.989413 0.000010 0.000010 0.000010
0.000010 0.000010 0.999950 0.000010 0.000010 0.000010
0.000010 0.002981 0.996979 0.000010 0.000010 0.000010
0.000010 0.009773 0.990187 0.000010 0.000010 0.000010
0.000010 0.001996 0.997964 0.000010 0.000010 0.000010
0.000010 0.000010 0.999950 0.000010 0.000010 0.000010
0.000010 0.000010 0.999950 0.000010 0.000010 0.000010
0.000010 0.001244 0.998716 0.000010 0.000010 0.000010
0.000010 0.004201 0.995759 0.000010 0.000010 0.000010
0.000010 0.007346 0.992614 0.000010 0.000010 0.000010
0.000010 0.000010 0.999950 0.000010 0.000010 0.000010
0.000148 0.004079 0.995743 0.000010 0.000010 0.000010
0.000010 0.000544 0.996858 0.002568 0.000010 0.000010
0.000010 0.000010 0.999950 0.000010 0.000010 0.000010
0.000010 0.011443 0.988517 0.000010 0.000010 0.000010
0.000010 0.013758 0.986202 0.000010 0.000010 0.000010
0.000010 0.000010 0.999950 0.000010 0.000010 0.000010
0.000010 0.010193 0.989764 0.000013 0.000010 0.000010
0.000010 0.027262 0.970446 0.000010 0.000010 0.002261
0.000010 0.024723 0.975237 0.000010 0.000010 0.000010
0.000010 0.033139 0.966821 0.000010 0.000010 0.000010
0.000010 0.026474 0.973486 0.000010 0.000010 0.000010
0.000010 0.038945 0.961015 0.000010 0.000010 0.000010
0.000010 0.021820 0.978140 0.000010 0.000010 0.000010
0.000010 0.035311 0.959224 0.000010 0.000010 0.005435
0.000010 0.032508 0.967452 0.000010 0.000010 0.000010
0.000010 0.029632 0.970328 0.000010 0.000010 0.000010
0.000010 0.027484 0.966720 0.005767 0.000010 0.000010
0.000010 0.014818 0.973439 0.011713 0.000010 0.000010
0.000010 0.011699 0.981770 0.006500 0.000010 0.000010
0.000010 0.030651 0.966291 0.003027 0.000010 0.000010
0.000010 0.029230 0.970730 0.000010 0.000010 0.000010
0.000010 0.044278 0.955682 0.000010 0.000010 0.000010
0.000010 0.027994 0.971966 0.000010 0.000010 0.000010
0.000010 0.028364 0.971595 0.000011 0.000010 0.000010
0.000010 0.005920 0.990553 0.003498 0.000010 0.000010
0.000209 0.018293 0.981467 0.000010 0.000010 0.000010
0.000010 0.030223 0.969737 0.000010 0.000010 0.000010
0.000010 0.013912 0.980248 0.000010 0.000010 0.005810
0.000010 0.016363 0.983597 0.000010 0.000010 0.000010
0.000010 0.031012 0.968948 0.000010 0.000010 0.000010
0.000010 0.016947 0.983013 0.000010 0.000010 0.000010
0.000010 0.039308 0.960652 0.000010 0.000010 0.000010
0.000010 0.040013 0.958388 0.001569 0.000010 0.000010
0.000010 0.025864 0.974096 0.000010 0.000010 0.000010
0.000010 0.018392 0.981568 0.000010 0.000010 0.000010
0.000010 0.006834 0.988006 0.005130 0.000010 0.000010
0.000010 0.038755 0.960829 0.000010 0.000010 0.000386
0.000693 0.018690 0.978792 0.000010 0.000010 0.001805
0.000010 0.012092 0.981020 0.000010 0.000010 0.006858
0.000010 0.035910 0.964050 0.000010 0.000010 0.000010
0.000010 0.020370 0.973024 0.006576 0.000010 0.000010
0.002750 0.000010 0.005619 0.108163 0.842684 0.040775
0.005704 0.305804 0.061435 0.039184 0.544103 0.043770
0.000010 0.001862 0.006592 0.022799 0.965662 0.003075
0.000010 0.000010 0.000010 0.070861 0.860830 0.068279
0.000010 0.000010 0.000010 0.045038 0.938331 0.016601
0.000010 0.001606 0.000010 0.102370 0.879562 0.016442
0.000124 0.000010 0.000010 0.029384 0.970462 0.000010
0.003648 0.002488 0.000176 0.093782 0.877753 0.022153
0.733896 0.000010 0.000010 0.167040 0.084910 0.014133
0.583466 0.001050 0.000010 0.292680 0.119803 0.002991
0.000010 0.000010 0.007820 0.070806 0.903312 0.018043
0.001709 0.001754 0.000010 0.011202 0.960232 0.025093
0.000010 0.003547 0.000010 0.020651 0.905742 0.070040
0.000010 0.015428 0.000010 0.113232 0.844646 0.026674
0.000010 0.006568 0.001840 0.052052 0.925005 0.014525
0.895224 0.000010 0.000010 0.073081 0.000010 0.031665
0.815042 0.008878 0.000010 0.176050 0.000010 0.000010
0.999950 0.000010 0.000010 0.000010 0.000010 0.000010
0.789609 0.000010 0.007280 0.184024 0.000010 0.019068
0.999950 0.000010 0.000010 0.000010 0.000010 0.000010
0.705298 0.000010 0.059033 0.114152 0.121497 0.000010
0.999950 0.000010 0.000010 0.000010 0.000010 0.000010
0.999950 0.000010 0.000010 0.000010 0.000010 0.000010
0.850729 0.000010 0.000010 0.122902 0.000010 0.026339
0.656419 0.000648 0.046751 0.190743 0.095482 0.009957
0.767599 0.000010 0.000010 0.203400 0.000010 0.028971
0.688931 0.000010 0.006398 0.264138 0.030683 0.009840
0.999950 0.000010 0.000010 0.000010 0.000010 0.000010
0.817982 0.000010 0.000010 0.153062 0.000010 0.028926
0.846390 0.000157 0.008270 0.079217 0.064707 0.001258
0.874088 0.000010 0.000010 0.125872 0.000010 0.000010
0.543775 0.000010 0.376562 0.063059 0.000010 0.016584
0.810769 0.000010 0.000010 0.145977 0.000010 0.043224
0.636271 0.014960 0.009667 0.315004 0.024089 0.000010
0.669962 0.016090 0.057451 0.092642 0.163845 0.000010
0.883708 0.000010 0.001151 0.059904 0.055218 0.000010
0.999950 0.000010 0.000010 0.000010 0.000010 0.000010
0.937873 0.000010 0.000010 0.062087 0.000010 0.000010
0.958998 0.000010 0.000010 0.000010 0.000010 0.040962
0.000010 0.000010 0.000010 0.045458 0.920179 0.034333
0.000461 0.006827 0.004769 0.076690 0.853417 0.057835
0.999949 0.000010 0.000011 0.000010 0.000010 0.000010
0.619790 0.000010 0.007680 0.250833 0.091622 0.030065
0.663328 0.000010 0.000010 0.305609 0.000010 0.031033
0.999949 0.000010 0.000011 0.000010 0.000010 0.000010
0.691871 0.008870 0.007102 0.277926 0.000010 0.014222
0.592434 0.000010 0.002041 0.201714 0.155787 0.048015
0.854163 0.000010 0.000766 0.096917 0.023015 0.025129
0.999948 0.000010 0.000010 0.000012 0.000010 0.000010
0.715271 0.003628 0.000010 0.249632 0.000010 0.031449
0.828841 0.000010 0.000010 0.169000 0.000010 0.002129
0.749458 0.011431 0.000010 0.236317 0.000010 0.002775
0.755799 0.010525 0.000010 0.206065 0.027592 0.000010
0.824619 0.000010 0.005670 0.169680 0.000010 0.000010
0.003232 0.000010 0.000010 0.053795 0.916669 0.026284
0.000010 0.000010 0.002044 0.125981 0.865445 0.006510
0.000010 0.013500 0.000010 0.262778 0.573437 0.150265
0.008079 0.000010 0.000010 0.110178 0.844854 0.036869
0.000010 0.013972 0.002911 0.028549 0.926179 0.028378
0.778441 0.009105 0.001087 0.199495 0.011863 0.000010
0.948016 0.000010 0.000010 0.005453 0.000010 0.046501
0.917900 0.000010 0.000010 0.075295 0.000010 0.006776
0.824601 0.000010 0.000079 0.155784 0.000010 0.019515
0.861450 0.000010 0.000010 0.138510 0.000010 0.000010
0.344116 0.008496 0.000010 0.261056 0.386311 0.000010
0.870553 0.000010 0.002345 0.104714 0.000010 0.022368
0.000018 0.005775 0.000010 0.101569 0.849982 0.042645
0.000010 0.000010 0.000010 0.113703 0.843893 0.042374
0.000010 0.000010 0.000010 0.053627 0.923926 0.022416
0.006974 0.003470 0.000010 0.008658 0.969103 0.011785
0.002473 0.007531 0.000010 0.116484 0.866826 0.006675
0.000010 0.095900 0.891578 0.000010 0.000010 0.012492
0.000010 0.036201 0.961075 0.002695 0.000010 0.000010
