0.000010 0.000010 0.000010 0.634600 0.000010 0.365360
0.000010 0.000010 0.000010 0.622465 0.000010 0.377495
0.000010 0.000010 0.000010 0.617660 0.000010 0.382300
0.000010 0.000010 0.000010 0.664071 0.000010 0.335889
0.000010 0.000010 0.000010 0.624233 0.000010 0.375727
0.000019 0.000010 0.000010 0.597598 0.000010 0.402353
0.000010 0.000010 0.000010 0.671473 0.000010 0.328487
0.000010 0.000010 0.000010 0.661486 0.000010 0.338474
0.000010 0.000011 0.000010 0.619048 0.000010 0.380911
0.000012 0.000010 0.000010 0.614521 0.000010 0.385437
0.000010 0.000010 0.000010 0.596478 0.000010 0.403482
0.000010 0.000010 0.000010 0.677186 0.000010 0.322774
0.000010 0.000010 0.000010 0.597033 0.000010 0.402927
0.000010 0.000010 0.000010 0.622928 0.000010 0.377032
0.000010 0.000010 0.000010 0.612020 0.000010 0.387940
0.000010 0.000010 0.000010 0.638415 0.000010 0.361545
0.000010 0.000010 0.000010 0.632900 0.000010 0.367060
0.000010 0.000010 0.000010 0.624819 0.000010 0.375141
0.000010 0.000010 0.000010 0.627145 0.000010 0.372815
0.000010 0.000010 0.000014 0.596333 0.000010 0.403624
0.000010 0.000010 0.000010 0.639504 0.000010 0.360456
0.000010 0.000010 0.000010 0.637231 0.000010 0.362729
0.000010 0.000010 0.000010 0.631320 0.000010 0.368640
0.000010 0.000010 0.000010 0.600181 0.000010 0.399779
0.000010 0.000010 0.000010 0.604062 0.000010 0.395898
0.000010 0.000010 0.000010 0.609486 0.000010 0.390474
0.000010 0.000010 0.000010 0.599662 0.000010 0.400298
0.000010 0.000010 0.000010 0.675985 0.000010 0.323975
0.000010 0.000010 0.000010 0.681103 0.000010 0.318857
0.000010 0.000010 0.000010 0.682728 0.000010 0.317232
0.000010 0.000010 0.000010 0.645705 0.000010 0.354255
0.000010 0.000010 0.000010 0.686743 0.000010 0.313217
0.000010 0.000010 0.000010 0.652694 0.000010 0.347266
0.000010 0.000010 0.000010 0.685669 0.000010 0.314291
0.000010 0.000010 0.000010 0.666355 0.000010 0.333605
0.000010 0.000010 0.000010 0.612496 0.000010 0.387464
0.000010 0.000010 0.000010 0.664210 0.000010 0.335750
0.000010 0.000010 0.000010 0.660227 0.000010 0.339733
0.000019 0.000010 0.000010 0.668691 0.000010 0.331260
0.000011 0.000010 0.000010 0.639206 0.000010 0.360753
0.000010 0.000016 0.000010 0.631162 0.000010 0.368792
0.000010 0.000010 0.000010 0.653419 0.000010 0.346541
0.000010 0.000010 0.000010 0.673450 0.000010 0.326510
0.000010 0.000010 0.000010 0.665627 0.000010 0.334333
0.000010 0.000010 0.000010 0.682874 0.000010 0.317086
0.000010 0.000010 0.000010 0.658209 0.000010 0.341751
0.000010 0.000010 0.000010 0.635388 0.000010 0.364572
0.000010 0.000014 0.000010 0.655587 0.000010 0.344369
0.000010 0.000010 0.000010 0.643357 0.000010 0.356603
0.000010 0.000010 0.000010 0.661275 0.000010 0.338685
0.000010 0.000010 0.000010 0.630732 0.000010 0.369228
0.000010 0.000010 0.000010 0.646656 0.000010 0.353304
0.000013 0.000010 0.000010 0.653459 0.000010 0.346498
0.000010 0.000010 0.000014 0.669257 0.000010 0.330699
0.000010 0.000010 0.000010 0.643074 0.000010 0.356886
0.000010 0.000010 0.016367 0.000010 0.000010 0.983593
0.003577 0.000010 0.000010 0.007231 0.000010 0.989161
0.000357 0.000010 0.001388 0.199670 0.000010 0.798565
0.000010 0.000010 0.017431 0.000010 0.000010 0.982529
0.006628 0.000010 0.020710 0.000010 0.000010 0.972631
0.001929 0.000010 0.012962 0.071466 0.000010 0.913623
0.000933 0.000010 0.020563 0.032821 0.000010 0.945663
0.000016 0.000010 0.014641 0.065400 0.000010 0.919923
0.000010 0.014873 0.018921 0.291367 0.000010 0.674818
0.007458 0.000010 0.014407 0.000010 0.000010 0.978105
0.000010 0.000010 0.009468 0.000010 0.000010 0.990492
0.002423 0.000010 0.015840 0.000010 0.000010 0.981707
0.009473 0.000010 0.000010 0.000010 0.000010 0.990487
0.000010 0.000010 0.011064 0.000010 0.000010 0.988896
0.000010 0.000010 0.000407 0.076767 0.000010 0.922795
0.003231 0.000010 0.007738 0.083720 0.000010 0.905291
0.000010 0.000010 0.011652 0.173060 0.000010 0.815259
0.000010 0.000010 0.000010 0.660980 0.000010 0.338980
0.000010 0.000010 0.000010 0.671081 0.000010 0.328879
0.000010 0.000010 0.000010 0.709258 0.000010 0.290702
0.000010 0.000010 0.000010 0.649741 0.000010 0.350219
0.000010 0.000010 0.000010 0.682231 0.000010 0.317729
0.000010 0.000010 0.000010 0.685862 0.000010 0.314098
0.000010 0.000010 0.000010 0.694791 0.000010 0.305169
0.000010 0.000010 0.000010 0.670837 0.000010 0.329123
0.000010 0.000010 0.000010 0.638164 0.000010 0.361796
0.000010 0.000010 0.000010 0.671255 0.000010 0.328705
0.000010 0.000010 0.000010 0.642227 0.000010 0.357733
0.000017 0.000010 0.000010 0.665033 0.000010 0.334920
0.000010 0.000010 0.000020 0.733460 0.000010 0.266490
0.000010 0.000010 0.000010 0.657967 0.000010 0.341993
0.000010 0.000010 0.000014 0.657683 0.000010 0.342273
0.000010 0.000010 0.000010 0.662116 0.000010 0.337844
0.000010 0.000010 0.000010 0.685821 0.000010 0.314139
0.000010 0.000010 0.000010 0.642989 0.000010 0.356971
0.000010 0.000010 0.000010 0.700215 0.000010 0.299745
0.000010 0.000010 0.000010 0.670863 0.000010 0.329097
0.000010 0.000010 0.000010 0.672699 0.000010 0.327261
0.000010 0.000010 0.000013 0.688103 0.000010 0.311854
0.000010 0.000010 0.000010 0.669424 0.000010 0.330536
0.000010 0.000010 0.000010 0.672164 0.000010 0.327796
0.000010 0.000010 0.000010 0.681135 0.000010 0.318825
0.000010 0.000010 0.000010 0.631805 0.000010 0.368155
0.000010 0.000010 0.000010 0.676535 0.000010 0.323425
0.000010 0.000011 0.000010 0.639881 0.000010 0.360078
0.000010 0.000010 0.000010 0.684575 0.000010 0.315385
0.000010 0.000010 0.000010 0.674355 0.000010 0.325605
0.000010 0.000010 0.000010 0.643583 0.000010 0.356377
0.000010 0.000010 0.012470 0.035508 0.000010 0.951993
0.000010 0.000010 0.016629 0.000010 0.000010 0.983331
0.000010 0.000010 0.007910 0.123298 0.000010 0.868762
0.002648 0.000018 0.006682 0.000010 0.000010 0.990632
0.000010 0.000010 0.015609 0.000010 0.000010 0.984351
0.006931 0.000010 0.019388 0.000010 0.000010 0.973651
0.000686 0.000010 0.005382 0.110416 0.000010 0.883496
0.000017 0.000010 0.006320 0.073536 0.000010 0.920106
0.002842 0.000854 0.011845 0.157496 0.000010 0.826953
0.000010 0.000010 0.015941 0.000010 0.000010 0.984019
0.007522 0.000010 0.000010 0.210144 0.000010 0.782305
0.003953 0.000010 0.000709 0.000010 0.000010 0.995308
0.000010 0.000010 0.002423 0.013866 0.000010 0.983681
0.003105 0.000010 0.007970 0.030685 0.000010 0.958220
0.000010 0.000010 0.007488 0.000010 0.000010 0.992472
0.000010 0.000010 0.012558 0.035322 0.000010 0.952090
0.001497 0.000010 0.010486 0.000010 0.000010 0.987987
0.000016 0.047471 0.000010 0.000010 0.000010 0.952484
0.003633 0.040880 0.000010 0.000010 0.000010 0.955457
0.000010 0.046153 0.000010 0.000010 0.000010 0.953807
0.000010 0.000010 0.007410 0.172281 0.000010 0.820279
0.000010 0.000010 0.025360 0.047109 0.000010 0.927500
0.000889 0.000010 0.013571 0.042765 0.000010 0.942754
0.000010 0.000010 0.000010 0.114226 0.000010 0.885734
0.001377 0.000010 0.000010 0.224200 0.000010 0.774392
0.000010 0.000010 0.012103 0.000010 0.000010 0.987857
0.006528 0.000010 0.004915 0.066120 0.000010 0.922417
0.000010 0.000010 0.000013 0.113404 0.000010 0.886553
0.000010 0.000010 0.000691 0.014252 0.000010 0.985026
0.000495 0.000010 0.017476 0.118594 0.000010 0.863415
0.002042 0.000010 0.017651 0.032296 0.000010 0.947991
0.000010 0.000010 0.013695 0.000010 0.000010 0.986265
0.000010 0.000010 0.009940 0.000010 0.000010 0.990020
0.000010 0.000010 0.008990 0.000010 0.000010 0.990970
0.000018 0.000010 0.007914 0.002086 0.000010 0.989962
0.000010 0.000010 0.005603 0.000010 0.000010 0.994357
0.000010 0.000010 0.002382 0.021548 0.000010 0.976040
0.000010 0.000010 0.000010 0.116611 0.000010 0.883349
0.000010 0.000010 0.000010 0.082053 0.000010 0.917907
0.009264 0.000010 0.002674 0.101854 0.000010 0.886188
0.007761 0.000010 0.010864 0.125412 0.000010 0.855943
0.000010 0.000010 0.000010 0.130917 0.000010 0.869043
0.000010 0.000010 0.000010 0.029111 0.000010 0.970849
0.002154 0.000010 0.013189 0.039875 0.000010 0.944762
0.012623 0.000013 0.003303 0.153440 0.000010 0.830611
0.000010 0.000010 0.000010 0.013993 0.000010 0.985967
0.000010 0.000010 0.018577 0.120401 0.000010 0.860993
0.003545 0.012746 0.011260 0.281969 0.009347 0.681133
0.000010 0.000010 0.007459 0.000010 0.000010 0.992501
0.000010 0.000010 0.005292 0.000010 0.000010 0.994668
0.004373 0.000010 0.000010 0.324269 0.000010 0.671328
0.000010 0.000010 0.024142 0.039463 0.000010 0.936365
0.000010 0.000010 0.004261 0.133535 0.000010 0.862174
0.000010 0.000010 0.005428 0.000010 0.000010 0.994532
0.000010 0.000010 0.000010 0.309202 0.000010 0.690758
0.000010 0.000010 0.013747 0.056425 0.000010 0.929798
0.000010 0.000010 0.011058 0.011641 0.000010 0.977271
0.004401 0.000010 0.004082 0.122196 0.000010 0.869301
0.000010 0.000010 0.010497 0.077160 0.000010 0.912313
0.000010 0.000010 0.005326 0.097944 0.000010 0.896700
0.000010 0.000010 0.000014 0.000010 0.000010 0.999946
0.000010 0.003361 0.003430 0.111335 0.000010 0.881854
0.000010 0.000010 0.011044 0.000010 0.000010 0.988916
0.000857 0.000010 0.010938 0.061918 0.000010 0.926268
0.000018 0.000010 0.012578 0.061132 0.000010 0.926252
0.000010 0.000010 0.000010 0.000010 0.000010 0.999950
0.000010 0.000010 0.012910 0.043911 0.000010 0.943150
0.005002 0.000018 0.018313 0.078544 0.000010 0.898113
0.007643 0.000010 0.014456 0.000010 0.000010 0.977871
0.003778 0.000010 0.005631 0.000010 0.000010 0.990561
0.005297 0.000010 0.000010 0.019137 0.000010 0.975535
0.000010 0.000010 0.000010 0.021790 0.000010 0.978170
0.000010 0.000010 0.000010 0.000010 0.000010 0.999950
0.000010 0.000010 0.000010 0.109188 0.000010 0.890772
0.000010 0.000010 0.015240 0.009345 0.000010 0.975384
0.000010 0.000010 0.000010 0.073675 0.000010 0.926285
0.000010 0.000010 0.000010 0.253345 0.000010 0.746615
0.000010 0.000010 0.009260 0.014882 0.000010 0.975828
0.001628 0.000010 0.003698 0.000010 0.000010 0.994644
0.000010 0.000010 0.007520 0.000010 0.000010 0.992440
0.000955 0.000010 0.005932 0.039962 0.000010 0.953132
0.003387 0.000010 0.996572 0.000010 0.000010 0.000010
0.000010 0.000010 0.999950 0.000010 0.000010 0.000010
0.000010 0.000010 0.999950 0.000010 0.000010 0.000010
0.000010 0.000010 0.999950 0.000010 0.000010 0.000010
0.006467 0.005199 0.988304 0.000010 0.000010 0.000010
0.002596 0.012058 0.985316 0.000010 0.000010 0.000010
0.000010 0.000010 0.999950 0.000010 0.000010 0.000010
0.000010 0.000010 0.999950 0.000010 0.000010 0.000010
0.000010 0.000010 0.999950 0.000010 0.000010 0.000010
0.000010 0.000010 0.999950 0.000010 0.000010 0.000010
0.000010 0.000010 0.999950 0.000010 0.000010 0.000010
0.000430 0.000010 0.999530 0.000010 0.000010 0.000010
0.000010 0.000010 0.999950 0.000010 0.000010 0.000010
0.000010 0.000010 0.999950 0.000010 0.000010 0.000010
0.000010 0.000010 0.999950 0.000010 0.000010 0.000010
0.000010 0.000011 0.999949 0.000010 0.000010 0.000010
0.000010 0.000010 0.999950 0.000010 0.000010 0.000010
0.001370 0.000010 0.998590 0.000010 0.000010 0.000010
0.000010 0.000010 0.999950 0.000010 0.000010 0.000010
0.000010 0.000010 0.999949 0.000011 0.000010 0.000010
0.000010 0.000011 0.999949 0.000010 0.000010 0.000010
0.000010 0.000010 0.999950 0.000010 0.000010 0.000010
0.000010 0.000010 0.999950 0.000010 0.000010 0.000010
0.000239 0.000012 0.999719 0.000010 0.000010 0.000010
0.000010 0.000011 0.999949 0.000010 0.000010 0.000010
0.000010 0.000010 0.999950 0.000010 0.000010 0.000010
0.000010 0.000010 0.999950 0.000010 0.000010 0.000010
0.000010 0.000010 0.999950 0.000010 0.000010 0.000010
0.000010 0.000010 0.999950 0.000010 0.000010 0.000010
0.000010 0.000010 0.999950 0.000010 0.000010 0.000010
0.001421 0.000014 0.998532 0.000013 0.000010 0.000010
0.000010 0.000010 0.999950 0.000010 0.000010 0.000010
0.000010 0.000011 0.999949 0.000010 0.000010 0.000010
0.000010 0.000010 0.999950 0.000010 0.000010 0.000010
0.000010 0.000010 0.999949 0.000011 0.000010 0.000010
0.000010 0.000010 0.999950 0.000010 0.000010 0.000010
0.000010 0.000010 0.999950 0.000010 0.000010 0.000010
0.002096 0.000010 0.997864 0.000010 0.000010 0.000010
0.000010 0.000010 0.999950 0.000010 0.000010 0.000010
0.000010 0.000010 0.999950 0.000010 0.000010 0.000010
0.000010 0.000010 0.999950 0.000010 0.000010 0.000010
0.000010 0.000010 0.999950 0.000010 0.000010 0.000010
0.156707 0.000010 0.004352 0.744289 0.094632 0.000010
0.199715 0.009404 0.007929 0.612182 0.170760 0.000010
0.126890 0.014153 0.008495 0.775442 0.075009 0.000010
0.000010 0.000010 0.999950 0.000010 0.000010 0.000010
0.000010 0.000010 0.999950 0.000010 0.000010 0.000010
0.001693 0.000010 0.998266 0.000010 0.000010 0.000010
0.000010 0.000010 0.999950 0.000010 0.000010 0.000010
0.000010 0.000011 0.999949 0.000010 0.000010 0.000010
0.000010 0.000010 0.999950 0.000010 0.000010 0.000010
0.000010 0.000010 0.999950 0.000010 0.000010 0.000010
0.000010 0.000010 0.999950 0.000010 0.000010 0.000010
0.000010 0.000010 0.999950 0.000010 0.000010 0.000010
0.000010 0.000010 0.999950 0.000010 0.000010 0.000010
0.000010 0.000010 0.999950 0.000010 0.000010 0.000010
0.000010 0.007612 0.992348 0.000010 0.000010 0.000010
0.016808 0.000010 0.973725 0.000133 0.000010 0.009314
0.000010 0.000010 0.999950 0.000010 0.000010 0.000010
0.000010 0.000010 0.999950 0.000010 0.000010 0.000010
0.000010 0.000010 0.999950 0.000010 0.000010 0.000010
0.000010 0.004124 0.995836 0.000010 0.000010 0.000010
0.001529 0.009816 0.988625 0.000010 0.000010 0.000010
0.000010 0.000011 0.999949 0.000010 0.000010 0.000010
0.000010 0.000010 0.999950 0.000010 0.000010 0.000010
0.000010 0.000010 0.999950 0.000010 0.000010 0.000010
0.000010 0.000010 0.999950 0.000010 0.000010 0.000010
0.000010 0.000010 0.999950 0.000010 0.000010 0.000010
0.000010 0.000011 0.999949 0.000010 0.000010 0.000010
0.002895 0.000010 0.997065 0.000010 0.000010 0.000010
0.000010 0.000010 0.999950 0.000010 0.000010 0.000010
0.008007 0.016698 0.941530 0.012163 0.021592 0.000010
0.000010 0.003238 0.996722 0.000010 0.000010 0.000010
0.000010 0.003468 0.996492 0.000010 0.000010 0.000010
0.000010 0.000010 0.999950 0.000010 0.000010 0.000010
0.000010 0.000010 0.999950 0.000010 0.000010 0.000010
0.000010 0.000010 0.999950 0.000010 0.000010 0.000010
0.000010 0.005176 0.994784 0.000010 0.000010 0.000010
0.000010 0.010353 0.989607 0.000010 0.000010 0.000010
0.000010 0.000011 0.999949 0.000010 0.000010 0.000010
0.152118 0.000010 0.016191 0.685527 0.146145 0.000010
0.157889 0.001941 0.013358 0.653745 0.173057 0.000010
0.122658 0.011441 0.009291 0.784527 0.072073 0.000010
0.172398 0.000010 0.012950 0.732347 0.082285 0.000010
0.000010 0.000010 0.999950 0.000010 0.000010 0.000010
0.000010 0.000010 0.999950 0.000010 0.000010 0.000010
0.000010 0.000010 0.999950 0.000010 0.000010 0.000010
0.000010 0.000010 0.999950 0.000010 0.000010 0.000010
0.000010 0.000010 0.999950 0.000010 0.000010 0.000010
0.000010 0.000010 0.999950 0.000010 0.000010 0.000010
0.000010 0.000010 0.999950 0.000010 0.000010 0.000010
0.000010 0.000010 0.999950 0.000010 0.000010 0.000010
0.000010 0.000010 0.999950 0.000010 0.000010 0.000010
0.000010 0.000010 0.999950 0.000010 0.000010 0.000010
0.000010 0.007613 0.992347 0.000010 0.000010 0.000010
0.000010 0.006541 0.993419 0.000010 0.000010 0.000010
0.000010 0.000011 0.999949 0.000010 0.000010 0.000010
0.000010 0.000011 0.999949 0.000010 0.000010 0.000010
0.000010 0.000010 0.999950 0.000010 0.000010 0.000010
0.000010 0.000010 0.999950 0.000010 0.000010 0.000010
0.000010 0.000010 0.999950 0.000010 0.000010 0.000010
0.000010 0.000010 0.999948 0.000012 0.000010 0.000010
0.000010 0.000010 0.999950 0.000010 0.000010 0.000010
0.000010 0.000010 0.999950 0.000010 0.000010 0.000010
0.000010 0.000010 0.999950 0.000010 0.000010 0.000010
0.000010 0.000010 0.999950 0.000010 0.000010 0.000010
0.000010 0.000010 0.999950 0.000010 0.000010 0.000010
0.000010 0.000011 0.999949 0.000010 0.000010 0.000010
0.000010 0.000010 0.999950 0.000010 0.000010 0.000010
0.000010 0.000010 0.999950 0.000010 0.000010 0.000010
0.000010 0.010789 0.989171 0.000010 0.000010 0.000010
0.000010 0.011429 0.988531 0.000010 0.000010 0.000010
0.087894 0.000010 0.012381 0.866551 0.025881 0.007283
0.137360 0.007502 0.010865 0.798567 0.045696 0.000010
0.211899 0.000010 0.005210 0.670900 0.111971 0.000010
0.119518 0.000010 0.007045 0.798517 0.055834 0.019076
0.111900 0.000010 0.008491 0.750299 0.080885 0.048415
0.057590 0.000010 0.000010 0.703131 0.046722 0.192537
0.162921 0.000010 0.007007 0.710068 0.119984 0.000010
0.060259 0.024436 0.000010 0.848783 0.066502 0.000010
0.228667 0.018237 0.012204 0.658612 0.082270 0.000010
0.000010 0.005447 0.994513 0.000010 0.000010 0.000010
0.000010 0.000010 0.999950 0.000010 0.000010 0.000010
0.000010 0.000010 0.999950 0.000010 0.000010 0.000010
0.000010 0.000010 0.999950 0.000010 0.000010 0.000010
0.000010 0.011318 0.988642 0.000010 0.000010 0.000010
0.000010 0.000010 0.999950 0.000010 0.000010 0.000010
0.000012 0.000010 0.999948 0.000010 0.000010 0.000010
0.000010 0.000010 0.999950 0.000010 0.000010 0.000010
0.000010 0.000266 0.999694 0.000010 0.000010 0.000010
0.000010 0.014969 0.984991 0.000010 0.000010 0.000010
0.000010 0.000010 0.999950 0.000010 0.000010 0.000010
0.000010 0.000010 0.999950 0.000010 0.000010 0.000010
0.000010 0.000010 0.999950 0.000010 0.000010 0.000010
0.000010 0.000010 0.999950 0.000010 0.000010 0.000010
0.000010 0.000697 0.999263 0.000010 0.000010 0.000010
0.101453 0.000010 0.006610 0.778511 0.079675 0.033741
0.152495 0.000010 0.012064 0.724817 0.105316 0.005298
0.139444 0.000010 0.004331 0.608842 0.220387 0.026987
0.203272 0.010716 0.006585 0.573705 0.205711 0.000010
0.180544 0.000881 0.015232 0.543290 0.235608 0.024445
0.181381 0.000010 0.003706 0.748901 0.065993 0.000010
0.119739 0.000010 0.004250 0.737029 0.125643 0.013329
0.157686 0.028784 0.001620 0.675013 0.121366 0.015531
0.123223 0.000888 0.011448 0.745306 0.088184 0.030952
0.147247 0.000010 0.008580 0.774328 0.069825 0.000010
0.133686 0.020961 0.000603 0.493011 0.351730 0.000010
0.124857 0.021249 0.003646 0.681204 0.169033 0.000010
0.136095 0.000010 0.016781 0.748417 0.065753 0.032943
0.154078 0.000010 0.009620 0.761647 0.074635 0.000010
0.162963 0.000010 0.007220 0.750066 0.079731 0.000010
0.159059 0.000010 0.003442 0.780915 0.056565 0.000010
0.159612 0.000010 0.002213 0.763832 0.074323 0.000010
0.153679 0.000010 0.011375 0.755262 0.079664 0.000010
0.069230 0.015063 0.007509 0.793437 0.091903 0.022858
0.186377 0.036475 0.003540 0.584064 0.187719 0.001825
0.140894 0.008942 0.006120 0.659705 0.168528 0.015811
0.224579 0.015332 0.000010 0.674933 0.085136 0.000010
0.158656 0.000010 0.015420 0.613898 0.208617 0.003398
0.183273 0.000010 0.002319 0.713764 0.100624 0.000010
0.139560 0.009187 0.010787 0.695459 0.118322 0.026685
0.200795 0.000010 0.007767 0.664958 0.126460 0.000010
0.128319 0.040868 0.000094 0.637442 0.193267 0.000010
0.150890 0.031198 0.002733 0.678075 0.136029 0.001074
0.145633 0.037411 0.000079 0.579176 0.237692 0.000010
0.143942 0.002913 0.013285 0.704410 0.127425 0.008025
0.141963 0.000010 0.011376 0.737476 0.109164 0.000010
0.164897 0.000010 0.004206 0.736661 0.094216 0.000010
0.153464 0.000010 0.008020 0.744739 0.093756 0.000010
0.186432 0.000010 0.000010 0.671339 0.142199 0.000010
0.137745 0.000010 0.003920 0.671998 0.166438 0.019889
0.126274 0.007354 0.017819 0.761338 0.087205 0.000010
0.087698 0.004080 0.008856 0.768030 0.084666 0.046670
0.120165 0.000010 0.003183 0.667062 0.209570 0.000010
0.155282 0.000010 0.003206 0.664207 0.134691 0.042604
0.160172 0.000010 0.000347 0.707017 0.119248 0.013206
0.082631 0.007767 0.002364 0.854488 0.017607 0.035143
0.299028 0.000010 0.011369 0.682310 0.007272 0.000010
0.136435 0.030166 0.003202 0.793008 0.037180 0.000010
0.319306 0.042848 0.000010 0.583432 0.040443 0.013961
0.239539 0.016063 0.000010 0.636237 0.065111 0.043041
0.309339 0.005578 0.010957 0.494336 0.133440 0.046350
0.268648 0.000878 0.011979 0.630701 0.085286 0.002508
0.263917 0.027325 0.000010 0.649798 0.058939 0.000010
0.269430 0.028889 0.000010 0.639696 0.061965 0.000010
0.176927 0.000010 0.003307 0.774669 0.023569 0.021517
0.236678 0.000010 0.011679 0.609564 0.113947 0.028122
0.276966 0.000010 0.008120 0.620065 0.094829 0.000010
0.363428 0.000010 0.011022 0.605181 0.020349 0.000010
0.302487 0.000010 0.000334 0.498120 0.191096 0.007952
0.291975 0.006498 0.004819 0.657655 0.034242 0.004811
0.380647 0.033458 0.002123 0.405838 0.177923 0.000010
0.272917 0.009628 0.000010 0.653387 0.050122 0.013936
0.448433 0.000399 0.009134 0.441904 0.100120 0.000010
0.172316 0.025843 0.001082 0.624599 0.176151 0.000010
0.169564 0.036664 0.000010 0.696176 0.097576 0.000010
0.125584 0.024660 0.000010 0.752027 0.097708 0.000010
0.146096 0.000010 0.006974 0.567110 0.239399 0.040411
0.067398 0.031710 0.003275 0.872718 0.024890 0.000010
0.163216 0.003718 0.002728 0.691905 0.132242 0.006190
0.145972 0.000010 0.012652 0.632032 0.190187 0.019147
0.063355 0.000010 0.009618 0.866343 0.060665 0.000010
0.129038 0.001581 0.006997 0.788806 0.061766 0.011811
0.171231 0.000010 0.011059 0.695129 0.098139 0.024432
0.187853 0.000010 0.018270 0.712201 0.081656 0.000010
0.160647 0.003486 0.000177 0.664284 0.151722 0.019684
0.175879 0.000010 0.003124 0.704000 0.116978 0.000010
0.244513 0.000010 0.002525 0.547182 0.205760 0.000010
0.218022 0.000010 0.020095 0.540642 0.221221 0.000010
0.215329 0.000010 0.021375 0.610289 0.152986 0.000010
0.212222 0.006977 0.004905 0.686308 0.089578 0.000010
0.165961 0.000010 0.002200 0.765281 0.066538 0.000010
0.153436 0.000010 0.009193 0.650175 0.187176 0.000010
0.105821 0.038178 0.000010 0.813768 0.042213 0.000010
0.128627 0.005105 0.020173 0.745147 0.100938 0.000010
0.132941 0.000010 0.005697 0.739651 0.112745 0.008957
0.181433 0.000010 0.013015 0.593568 0.185181 0.026792
0.118086 0.010436 0.001823 0.751678 0.117967 0.000010
0.322413 0.004436 0.005614 0.575598 0.072499 0.019441
0.258260 0.001355 0.014442 0.689970 0.021762 0.014212
0.250861 0.000010 0.010288 0.680948 0.044199 0.013695
0.293994 0.000010 0.010830 0.518713 0.176443 0.000010
0.183971 0.000010 0.007655 0.782540 0.006339 0.019486
0.314529 0.013705 0.000010 0.648490 0.011209 0.012057
0.130591 0.000010 0.013823 0.814850 0.022180 0.018546
0.320763 0.011006 0.007398 0.535594 0.125228 0.000010
0.272251 0.018679 0.000010 0.630563 0.078488 0.000010
0.272493 0.001162 0.005291 0.648032 0.073012 0.000010
0.316040 0.000010 0.010102 0.495045 0.178793 0.000010
0.374870 0.006449 0.002810 0.598772 0.008499 0.008599
0.295197 0.025360 0.000010 0.661992 0.017431 0.000010
0.260081 0.027112 0.000010 0.685259 0.027528 0.000010
0.234822 0.040222 0.000010 0.661885 0.063051 0.000010
0.148908 0.016641 0.000010 0.587624 0.246806 0.000010
0.206525 0.022024 0.001616 0.636106 0.133719 0.000010
0.188041 0.042159 0.000010 0.651370 0.117814 0.000606
0.195543 0.031819 0.000010 0.625192 0.147426 0.000010
0.162846 0.008796 0.000010 0.589435 0.238903 0.000010
0.095896 0.039038 0.000874 0.741970 0.089915 0.032307
0.150778 0.025669 0.000010 0.697648 0.125885 0.000010
0.157968 0.032493 0.000010 0.689419 0.120101 0.000010
0.104006 0.030014 0.000010 0.723733 0.142227 0.000010
0.204684 0.026097 0.000010 0.670752 0.098447 0.000010
0.000010 0.000010 0.000010 0.639992 0.000010 0.359968
0.615808 0.002865 0.015609 0.345146 0.000010 0.020562
0.235114 0.000010 0.013959 0.384693 0.350539 0.015685
0.418669 0.000010 0.000010 0.497857 0.031805 0.051649
0.241849 0.000010 0.008968 0.683095 0.047530 0.018549
0.400845 0.015191 0.011506 0.535594 0.036854 0.000010
0.397385 0.000010 0.002441 0.507693 0.070437 0.022033
0.302345 0.000010 0.007316 0.668919 0.013356 0.008054
0.198282 0.000010 0.009881 0.757586 0.030408 0.003831
0.169855 0.000010 0.004829 0.785015 0.016299 0.023992
0.328971 0.000010 0.005290 0.605865 0.052253 0.007611
0.290012 0.000010 0.014958 0.645367 0.014615 0.035039
0.264568 0.007864 0.003337 0.674441 0.037678 0.012112
0.246827 0.000010 0.018534 0.672036 0.057494 0.005098
0.234588 0.015996 0.003912 0.591906 0.153588 0.000010
0.336925 0.003417 0.011621 0.481657 0.166370 0.000010
0.287470 0.002028 0.001901 0.512534 0.144568 0.051499
0.265947 0.000010 0.015325 0.594810 0.115209 0.008699
0.535905 0.018135 0.000010 0.323017 0.122922 0.000010
0.341997 0.025466 0.002686 0.597193 0.032649 0.000010
0.283588 0.000010 0.002655 0.701229 0.012509 0.000010
0.303691 0.000010 0.012418 0.534870 0.132378 0.016634
0.302973 0.000010 0.017125 0.567634 0.107215 0.005043
0.391444 0.000010 0.022578 0.549978 0.035981 0.000010
0.251974 0.000301 0.000010 0.696377 0.027719 0.023619
0.236154 0.000010 0.014088 0.682665 0.056884 0.010199
0.144038 0.015185 0.000010 0.784637 0.050872 0.005257
0.305817 0.000010 0.005656 0.406262 0.282245 0.000010
0.191354 0.024467 0.000010 0.623877 0.160282 0.000010
0.148340 0.030411 0.006958 0.603184 0.205317 0.005788
0.142145 0.020748 0.000010 0.758847 0.078240 0.000010
0.218782 0.028658 0.000010 0.584030 0.168509 0.000010
0.166588 0.025329 0.000010 0.618333 0.189730 0.000010
0.200359 0.039203 0.002260 0.595191 0.162977 0.000010
0.183444 0.024543 0.000010 0.618583 0.173410 0.000010
0.113756 0.033319 0.000010 0.754125 0.098780 0.000010
0.234768 0.015742 0.000010 0.662858 0.086613 0.000010
0.200617 0.034225 0.001790 0.627732 0.135626 0.000010
0.183773 0.032911 0.000010 0.641210 0.125327 0.016768
0.288427 0.032932 0.000010 0.555934 0.121709 0.000988
0.247757 0.032997 0.005783 0.688239 0.025214 0.000010
0.541092 0.028458 0.000123 0.368154 0.049332 0.012841
0.130675 0.000010 0.011308 0.836728 0.010637 0.010641
0.240445 0.000010 0.000010 0.514549 0.177645 0.067340
0.409534 0.005595 0.016948 0.521265 0.020177 0.026482
0.565330 0.023307 0.000010 0.340545 0.049207 0.021602
0.300731 0.024081 0.003479 0.578849 0.092849 0.000010
0.257508 0.051095 0.004788 0.613486 0.066068 0.007056
0.395564 0.000010 0.008979 0.564523 0.030913 0.000010
0.413584 0.009548 0.010526 0.514041 0.049532 0.002769
0.438367 0.026256 0.000010 0.501883 0.033473 0.000010
0.406209 0.001574 0.009970 0.413559 0.166927 0.001761
0.321087 0.000010 0.020834 0.375938 0.281440 0.000691
0.325169 0.000010 0.002395 0.460616 0.197232 0.014578
0.206060 0.000010 0.006979 0.773481 0.013460 0.000010
0.194205 0.020031 0.000010 0.767708 0.018036 0.000010
0.169875 0.036365 0.000010 0.748804 0.026800 0.018145
0.153279 0.025957 0.000010 0.799192 0.021552 0.000010
0.280609 0.019519 0.002687 0.348533 0.348641 0.000010
0.367275 0.026686 0.000010 0.569315 0.036705 0.000010
0.142880 0.000010 0.010618 0.655495 0.146342 0.044656
0.132273 0.013864 0.000603 0.824545 0.013209 0.015505
0.181466 0.000010 0.011693 0.792745 0.014076 0.000010
0.219756 0.008739 0.004373 0.739637 0.027485 0.000010
0.433650 0.000010 0.014791 0.460117 0.091422 0.000010
0.390911 0.000010 0.013335 0.460942 0.118517 0.016286
0.368597 0.000010 0.000010 0.553217 0.070695 0.007471
0.365694 0.000010 0.012160 0.579895 0.042231 0.000010
0.000010 0.006934 0.004734 0.907670 0.016172 0.064480
0.000010 0.000010 0.004807 0.864798 0.020343 0.110032
0.000010 0.000010 0.005164 0.901193 0.008065 0.085557
0.001820 0.000010 0.008402 0.898489 0.011904 0.079375
0.001193 0.007579 0.000010 0.878719 0.014881 0.097618
0.003613 0.000010 0.000010 0.903028 0.009927 0.083412
0.000010 0.000010 0.000010 0.919057 0.022024 0.058889
0.001162 0.007879 0.000010 0.902452 0.012381 0.076116
0.000010 0.000973 0.000010 0.877969 0.006517 0.114521
0.000593 0.000010 0.000010 0.903743 0.004373 0.091271
0.000016 0.000010 0.000016 0.921351 0.000010 0.078598
0.000010 0.000010 0.000010 0.898009 0.000010 0.101951
0.000010 0.000010 0.000010 0.898070 0.000010 0.101890
0.000010 0.000010 0.000010 0.887175 0.000010 0.112785
0.000010 0.000010 0.000010 0.911069 0.000010 0.088891
0.000010 0.000010 0.000010 0.875724 0.000010 0.124236
0.000010 0.001895 0.000010 0.911563 0.013512 0.073011
0.000238 0.000010 0.007338 0.918953 0.015230 0.058230
0.004106 0.006605 0.003385 0.902310 0.029233 0.054362
0.000010 0.000010 0.003976 0.902009 0.018756 0.075240
0.000010 0.003606 0.010619 0.896833 0.019174 0.069757
0.000010 0.000010 0.000010 0.894979 0.015831 0.089160
0.000979 0.000010 0.000010 0.866545 0.006563 0.125892
0.000010 0.001364 0.003043 0.866056 0.007858 0.121670
0.238846 0.000010 0.016684 0.688411 0.056039 0.000010
0.255253 0.000010 0.009899 0.359161 0.375668 0.000010
0.325496 0.032168 0.018988 0.393927 0.229411 0.000010
0.730453 0.000010 0.000589 0.268928 0.000010 0.000010
0.487833 0.000010 0.004928 0.446511 0.012727 0.047992
0.696211 0.000010 0.000010 0.289253 0.000010 0.014506
0.999950 0.000010 0.000010 0.000010 0.000010 0.000010
0.455288 0.012423 0.009560 0.445189 0.060462 0.017077
0.634162 0.005931 0.000010 0.347444 0.000010 0.012442
0.004516 0.746116 0.000010 0.151525 0.000010 0.097822
0.009300 0.728518 0.000011 0.139410 0.000010 0.122751
0.007058 0.713444 0.000010 0.187119 0.000010 0.092359
0.002582 0.681116 0.000010 0.239254 0.000010 0.077028
0.000014 0.011523 0.988135 0.000010 0.000010 0.000307
0.000010 0.036462 0.960871 0.000011 0.000010 0.002636
0.000625 0.012809 0.982327 0.004219 0.000010 0.000010
0.000010 0.026002 0.973958 0.000010 0.000010 0.000010
0.000010 0.024958 0.975002 0.000010 0.000010 0.000010
0.000010 0.012795 0.987165 0.000010 0.000010 0.000010
0.001943 0.001084 0.004779 0.878605 0.015557 0.098033
0.000010 0.000010 0.000010 0.871908 0.018308 0.109754
0.001755 0.000010 0.000010 0.896152 0.008083 0.093990
0.000010 0.000010 0.001187 0.860477 0.011458 0.126858
0.000010 0.002993 0.008923 0.902065 0.009227 0.076781
0.003010 0.000010 0.001559 0.890541 0.018855 0.086024
0.000010 0.000010 0.004407 0.902763 0.014437 0.078373
0.000010 0.000010 0.003869 0.887927 0.023519 0.084666
0.000178 0.013555 0.000010 0.901361 0.007215 0.077681
0.000010 0.000010 0.000884 0.891459 0.007411 0.100225
0.000010 0.000010 0.014188 0.919891 0.010861 0.055040
0.019538 0.000010 0.006879 0.880360 0.006614 0.086600
0.000010 0.005481 0.000010 0.908579 0.009655 0.076264
0.001492 0.000010 0.007407 0.872688 0.015410 0.102993
0.001979 0.000010 0.002463 0.902480 0.015295 0.077773
0.000010 0.000010 0.015113 0.940769 0.013976 0.030122
0.004649 0.000010 0.001300 0.875879 0.007803 0.110359
0.000010 0.015690 0.011567 0.916396 0.017226 0.039110
0.002227 0.000010 0.006523 0.916019 0.052404 0.022816
0.000010 0.006542 0.003353 0.925958 0.038480 0.025657
0.005743 0.000010 0.000159 0.919938 0.000010 0.074141
0.000010 0.006853 0.003802 0.884263 0.005466 0.099606
0.000010 0.010638 0.001019 0.853752 0.027230 0.107350
0.000010 0.000010 0.000010 0.854931 0.046743 0.098295
0.000010 0.002948 0.009752 0.897626 0.004822 0.084843
0.003390 0.000010 0.000010 0.853072 0.006126 0.137392
0.000010 0.000010 0.000010 0.913974 0.003908 0.082088
0.000010 0.007518 0.000010 0.923604 0.000010 0.068849
0.000010 0.000010 0.000010 0.922286 0.000010 0.077674
0.000010 0.000010 0.000010 0.956916 0.005339 0.037715
0.002571 0.000010 0.001700 0.919619 0.006992 0.069109
0.000010 0.000010 0.005383 0.871070 0.007111 0.116417
0.000010 0.000010 0.000010 0.917202 0.004267 0.078501
0.000010 0.000010 0.000010 0.877694 0.000010 0.122266
0.001046 0.000010 0.000010 0.863391 0.023477 0.112066
0.000010 0.002702 0.000756 0.831137 0.010132 0.155264
0.000010 0.000320 0.000713 0.888374 0.051203 0.059380
0.000010 0.005116 0.004604 0.894367 0.045465 0.050439
0.003006 0.013469 0.000010 0.898343 0.022998 0.062174
0.000010 0.001108 0.007573 0.926304 0.018168 0.046836
0.000010 0.000010 0.000010 0.899964 0.000010 0.099996
0.000010 0.000010 0.000010 0.944117 0.000010 0.055843
0.003033 0.000010 0.006421 0.888346 0.023452 0.078739
0.000010 0.000778 0.002730 0.900379 0.020218 0.075884
0.002386 0.001248 0.004901 0.873125 0.011139 0.107200
0.000010 0.002611 0.000799 0.854900 0.015769 0.125910
0.000010 0.000010 0.001909 0.881503 0.022274 0.094294
0.000010 0.002652 0.003201 0.871616 0.018920 0.103601
0.003956 0.000010 0.000010 0.914659 0.005586 0.075779
0.005653 0.000010 0.000010 0.916546 0.007787 0.069994
0.002461 0.000010 0.009234 0.893425 0.011889 0.082981
0.000010 0.009597 0.000436 0.906521 0.019169 0.064267
0.000876 0.004177 0.001652 0.907982 0.006941 0.078372
0.000010 0.000010 0.000010 0.862749 0.007913 0.129308
0.000010 0.034575 0.000010 0.895282 0.014944 0.055179
0.005455 0.048851 0.000010 0.877763 0.028983 0.038938
0.000010 0.038742 0.000010 0.930029 0.014730 0.016479
0.000010 0.051236 0.000010 0.895222 0.018903 0.034620
0.000010 0.000010 0.000010 0.888896 0.009464 0.101611
0.002345 0.000010 0.000010 0.919773 0.001767 0.076095
0.000010 0.014117 0.000010 0.898629 0.004663 0.082571
0.000010 0.000010 0.000010 0.882536 0.008662 0.108772
0.000312 0.003619 0.002707 0.859578 0.000010 0.133774
0.000010 0.000010 0.002369 0.902381 0.000010 0.095220
0.000010 0.000010 0.000010 0.869627 0.000010 0.130333
0.000010 0.000010 0.004146 0.890210 0.009750 0.095874
0.000010 0.000622 0.000010 0.882339 0.017148 0.099871
0.000010 0.003557 0.000706 0.914966 0.013499 0.067263
0.000010 0.040779 0.000010 0.839625 0.000010 0.119567
0.000010 0.042172 0.000010 0.854898 0.000010 0.102900
0.000010 0.000010 0.000010 0.685162 0.000010 0.314798
0.000010 0.000011 0.000010 0.674824 0.000010 0.325135
0.000010 0.000010 0.000010 0.652117 0.000010 0.347843
0.000010 0.000010 0.999950 0.000010 0.000010 0.000010
0.000010 0.004679 0.995281 0.000010 0.000010 0.000010
0.000010 0.000010 0.999950 0.000010 0.000010 0.000010
0.000010 0.004186 0.995774 0.000010 0.000010 0.000010
0.000010 0.000010 0.995887 0.004073 0.000010 0.000010
0.000010 0.000010 0.999950 0.000010 0.000010 0.000010
0.000010 0.000010 0.999950 0.000010 0.000010 0.000010
0.000010 0.003990 0.995970 0.000010 0.000010 0.000010
0.000010 0.001115 0.998845 0.000010 0.000010 0.000010
0.000010 0.000010 0.999950 0.000010 0.000010 0.000010
0.000010 0.000010 0.999950 0.000010 0.000010 0.000010
0.000010 0.000010 0.999950 0.000010 0.000010 0.000010
0.000010 0.000010 0.999950 0.000010 0.000010 0.000010
0.000010 0.000649 0.999311 0.000010 0.000010 0.000010
0.000010 0.000010 0.999950 0.000010 0.000010 0.000010
0.000010 0.000010 0.999950 0.000010 0.000010 0.000010
0.000010 0.000010 0.999950 0.000010 0.000010 0.000010
0.000010 0.000010 0.999950 0.000010 0.000010 0.000010
0.000010 0.000010 0.999950 0.000010 0.000010 0.000010
0.000010 0.006167 0.993793 0.000010 0.000010 0.000010
0.000010 0.000010 0.999950 0.000010 0.000010 0.000010
0.000010 0.000017 0.999943 0.000010 0.000010 0.000010
0.000010 0.018648 0.981312 0.000010 0.000010 0.000010
0.000010 0.018639 0.981321 0.000010 0.000010 0.000010
0.000010 0.021698 0.976319 0.000010 0.000010 0.001953
0.000010 0.014726 0.985234 0.000010 0.000010 0.000010
0.000010 0.025242 0.973482 0.001246 0.000010 0.000010
0.000010 0.022730 0.977229 0.000011 0.000010 0.000010
0.000010 0.037241 0.962719 0.000010 0.000010 0.000010
0.000010 0.031567 0.968393 0.000010 0.000010 0.000010
0.000010 0.023635 0.976325 0.000010 0.000010 0.000010
0.000010 0.030636 0.968532 0.000803 0.000010 0.000010
0.000010 0.017255 0.977587 0.003908 0.000010 0.001230
0.000012 0.017952 0.982006 0.000010 0.000010 0.000010
0.001282 0.032154 0.966387 0.000010 0.000010 0.000156
0.000010 0.024810 0.975150 0.000010 0.000010 0.000010
0.000010 0.031360 0.968600 0.000010 0.000010 0.000010
0.000010 0.021606 0.978354 0.000010 0.000010 0.000010
0.000010 0.018144 0.978488 0.003339 0.000010 0.000010
0.000010 0.007205 0.988515 0.004250 0.000010 0.000010
0.002551 0.008785 0.988634 0.000010 0.000010 0.000010
0.000010 0.018363 0.974522 0.000010 0.000010 0.007085
0.000010 0.029096 0.970864 0.000010 0.000010 0.000010
0.000010 0.016643 0.983317 0.000010 0.000010 0.000010
0.000010 0.021139 0.978821 0.000010 0.000010 0.000010
0.000010 0.013522 0.986438 0.000010 0.000010 0.000010
0.000010 0.024672 0.973695 0.001603 0.000010 0.000010
0.000010 0.031451 0.965515 0.003004 0.000010 0.000010
0.000010 0.025261 0.974699 0.000010 0.000010 0.000010
0.000010 0.008209 0.988459 0.000010 0.000010 0.003302
0.000010 0.018122 0.981838 0.000010 0.000010 0.000010
0.000010 0.032061 0.965850 0.000010 0.000010 0.002059
0.003207 0.017496 0.979267 0.000010 0.000010 0.000010
0.000010 0.015254 0.979270 0.000010 0.000010 0.005445
0.000010 0.032361 0.967599 0.000010 0.000010 0.000010
0.000010 0.029232 0.970239 0.000499 0.000010 0.000010
0.000010 0.000010 0.008763 0.107031 0.841415 0.042770
0.000026 0.300704 0.066955 0.026950 0.547921 0.057443
0.000010 0.000010 0.000136 0.007129 0.964733 0.027982
0.000010 0.000010 0.000010 0.091944 0.853084 0.054942
0.000574 0.000010 0.000010 0.056202 0.943194 0.000010
0.000010 0.000010 0.002736 0.096148 0.873933 0.027163
0.000010 0.000010 0.000010 0.033124 0.966836 0.000010
0.002872 0.000010 0.000010 0.122346 0.874752 0.000010
0.749399 0.000010 0.000010 0.156594 0.081103 0.012884
0.590253 0.000010 0.000010 0.293446 0.116271 0.000010
0.000379 0.000010 0.001991 0.049631 0.907708 0.040280
0.000328 0.004103 0.000010 0.012155 0.966817 0.016587
0.000010 0.001186 0.000010 0.047004 0.904946 0.046844
0.000010 0.009495 0.001344 0.115967 0.844534 0.028649
0.000010 0.013191 0.000486 0.047703 0.922220 0.016391
0.916206 0.000010 0.000010 0.071622 0.000010 0.012142
0.826541 0.000010 0.000010 0.167592 0.000010 0.005836
0.999950 0.000010 0.000010 0.000010 0.000010 0.000010
0.796129 0.000010 0.000334 0.179150 0.000010 0.024367
0.999950 0.000010 0.000010 0.000010 0.000010 0.000010
0.712515 0.000010 0.059264 0.098441 0.117247 0.012523
0.999941 0.000019 0.000010 0.000010 0.000010 0.000010
0.999950 0.000010 0.000010 0.000010 0.000010 0.000010
0.857281 0.000010 0.000010 0.118450 0.000010 0.024239
0.668468 0.000010 0.049203 0.169619 0.091739 0.020960
0.772031 0.000010 0.000010 0.192752 0.000010 0.035187
0.694878 0.001851 0.000010 0.231540 0.032548 0.039173
0.999950 0.000010 0.000010 0.000010 0.000010 0.000010
0.823823 0.000010 0.000010 0.142228 0.000010 0.033919
0.858019 0.000010 0.002753 0.067849 0.060250 0.011120
0.888541 0.000010 0.000010 0.111419 0.000010 0.000010
0.551432 0.000010 0.378900 0.062043 0.000010 0.007605
0.825585 0.000010 0.000010 0.148222 0.000010 0.026163
0.645732 0.008465 0.011188 0.310487 0.024118 0.000010
0.670273 0.007144 0.057769 0.095002 0.169802 0.000010
0.893842 0.000010 0.003173 0.053265 0.049701 0.000010
0.999950 0.000010 0.000010 0.000010 0.000010 0.000010
0.950602 0.000010 0.000010 0.049358 0.000010 0.000010
0.969202 0.000010 0.000010 0.000010 0.000010 0.030758
0.000693 0.000010 0.000723 0.058138 0.916148 0.024288
0.005919 0.000010 0.001734 0.103744 0.855526 0.033067
0.999950 0.000010 0.000010 0.000010 0.000010 0.000010
0.629327 0.021313 0.000010 0.251478 0.092418 0.005454
0.669380 0.000010 0.000010 0.292701 0.000010 0.037890
0.999950 0.000010 0.000010 0.000010 0.000010 0.000010
0.713745 0.000010 0.000240 0.256399 0.000010 0.029597
0.602818 0.000010 0.004473 0.215977 0.155394 0.021328
0.858358 0.000010 0.000010 0.105343 0.024502 0.011777
0.999950 0.000010 0.000010 0.000010 0.000010 0.000010
0.722332 0.000010 0.000010 0.265571 0.000010 0.012067
0.839122 0.000010 0.000010 0.160838 0.000010 0.000010
0.765532 0.000010 0.000010 0.234428 0.000010 0.000010
0.764266 0.000010 0.000010 0.210642 0.025061 0.000010
0.836107 0.000010 0.000010 0.163853 0.000010 0.000010
0.001128 0.000010 0.000010 0.054859 0.919032 0.024962
0.000010 0.000010 0.000010 0.112146 0.870437 0.017387
0.000011 0.001216 0.000010 0.280891 0.580098 0.137774
0.001328 0.000010 0.000010 0.103883 0.849402 0.045368
0.001145 0.003678 0.002673 0.030404 0.926170 0.035931
0.790402 0.001300 0.000010 0.198514 0.009765 0.000010
0.961212 0.000010 0.000010 0.000468 0.000010 0.038290
0.930470 0.000010 0.000010 0.067683 0.000010 0.001817
0.826221 0.000010 0.004480 0.146687 0.000010 0.022592
0.866135 0.000010 0.000010 0.133825 0.000010 0.000010
0.348002 0.010822 0.000010 0.249233 0.391924 0.000010
0.891601 0.000010 0.000010 0.108359 0.000010 0.000010
0.000012 0.000010 0.000010 0.087783 0.853272 0.058914
0.000010 0.000010 0.000010 0.096817 0.839037 0.064116
0.000010 0.000010 0.000010 0.048152 0.926324 0.025494
0.000010 0.000010 0.006897 0.019274 0.962363 0.011446
0.000313 0.000010 0.000010 0.104498 0.874873 0.020297
0.000010 0.096816 0.892909 0.000013 0.000010 0.010242
0.000010 0.031529 0.965128 0.003313 0.000010 0.000010
